model,seed,scenario,event_id,y_true,p_coal,p_gangue,p_empty,y_pred,split_hash
RAAF-BiPAC-Mamba,42,S0,CEVT_001,coal,0.9049635015,0.0619087208,0.0331277777,coal,59df1d0965ae364a8dc80887839a20be5f7a98764098a3afdeedc416721337d1
RAAF-BiPAC-Mamba,42,S0,CEVT_003,coal,0.8521804120,0.0948465206,0.0529730675,coal,59df1d0965ae364a8dc80887839a20be5f7a98764098a3afdeedc416721337d1
RAAF-BiPAC-Mamba,42,S0,CEVT_009,coal,0.7706102246,0.0972144710,0.1321753045,coal,59df1d0965ae364a8dc80887839a20be5f7a98764098a3afdeedc416721337d1
RAAF-BiPAC-Mamba,42,S0,CEVT_014,coal,0.7851881319,0.1309977036,0.0838141645,coal,59df1d0965ae364a8dc80887839a20be5f7a98764098a3afdeedc416721337d1
RAAF-BiPAC-Mamba,42,S0,CEVT_019,coal,0.8275920496,0.0845673565,0.0878405939,coal,59df1d0965ae364a8dc80887839a20be5f7a98764098a3afdeedc416721337d1
RAAF-BiPAC-Mamba,42,S0,CEVT_020,coal,0.9363913582,0.0251452575,0.0384633843,coal,59df1d0965ae364a8dc80887839a20be5f7a98764098a3afdeedc416721337d1
RAAF-BiPAC-Mamba,42,S0,CEVT_024,coal,0.7961890607,0.1283412207,0.0754697185,coal,59df1d0965ae364a8dc80887839a20be5f7a98764098a3afdeedc416721337d1
RAAF-BiPAC-Mamba,42,S0,CEVT_033,coal,0.8712520733,0.0539190337,0.0748288930,coal,59df1d0965ae364a8dc80887839a20be5f7a98764098a3afdeedc416721337d1
RAAF-BiPAC-Mamba,42,S0,CEVT_042,coal,0.8190902988,0.0809032731,0.1000064281,coal,59df1d0965ae364a8dc80887839a20be5f7a98764098a3afdeedc416721337d1
RAAF-BiPAC-Mamba,42,S0,CEVT_044,coal,0.9199225778,0.0493456270,0.0307317952,coal,59df1d0965ae364a8dc80887839a20be5f7a98764098a3afdeedc416721337d1
RAAF-BiPAC-Mamba,42,S0,GEVT_004,gangue,0.0422048107,0.9352858817,0.0225093076,gangue,59df1d0965ae364a8dc80887839a20be5f7a98764098a3afdeedc416721337d1
RAAF-BiPAC-Mamba,42,S0,GEVT_013,gangue,0.0520611012,0.9069517064,0.0409871923,gangue,59df1d0965ae364a8dc80887839a20be5f7a98764098a3afdeedc416721337d1
RAAF-BiPAC-Mamba,42,S0,GEVT_014,gangue,0.0536506410,0.8587471340,0.0876022249,gangue,59df1d0965ae364a8dc80887839a20be5f7a98764098a3afdeedc416721337d1
RAAF-BiPAC-Mamba,42,S0,GEVT_019,gangue,0.1237380617,0.7178608523,0.1584010860,gangue,59df1d0965ae364a8dc80887839a20be5f7a98764098a3afdeedc416721337d1
RAAF-BiPAC-Mamba,42,S0,GEVT_023,gangue,0.0270119557,0.9510270682,0.0219609761,gangue,59df1d0965ae364a8dc80887839a20be5f7a98764098a3afdeedc416721337d1
RAAF-BiPAC-Mamba,42,S0,GEVT_027,gangue,0.0730036386,0.8490944492,0.0779019122,gangue,59df1d0965ae364a8dc80887839a20be5f7a98764098a3afdeedc416721337d1
RAAF-BiPAC-Mamba,42,S0,GEVT_033,gangue,0.0725717700,0.8245434945,0.1028847355,gangue,59df1d0965ae364a8dc80887839a20be5f7a98764098a3afdeedc416721337d1
RAAF-BiPAC-Mamba,42,S0,GEVT_040,gangue,0.0434167710,0.8820394107,0.0745438183,gangue,59df1d0965ae364a8dc80887839a20be5f7a98764098a3afdeedc416721337d1
RAAF-BiPAC-Mamba,42,S0,GEVT_050,gangue,0.6286777601,0.3051664837,0.0661557562,coal,59df1d0965ae364a8dc80887839a20be5f7a98764098a3afdeedc416721337d1
RAAF-BiPAC-Mamba,42,S0,GEVT_053,gangue,0.0791291894,0.8685878225,0.0522829882,gangue,59df1d0965ae364a8dc80887839a20be5f7a98764098a3afdeedc416721337d1
RAAF-BiPAC-Mamba,42,S0,GEVT_055,gangue,0.0183982042,0.9572587330,0.0243430628,gangue,59df1d0965ae364a8dc80887839a20be5f7a98764098a3afdeedc416721337d1
RAAF-BiPAC-Mamba,42,S0,EEVT_002,empty,0.0812039153,0.1232631607,0.7955329240,empty,59df1d0965ae364a8dc80887839a20be5f7a98764098a3afdeedc416721337d1
RAAF-BiPAC-Mamba,42,S0,EEVT_005,empty,0.0644917685,0.0726013381,0.8629068934,empty,59df1d0965ae364a8dc80887839a20be5f7a98764098a3afdeedc416721337d1
RAAF-BiPAC-Mamba,42,S0,EEVT_009,empty,0.0413861909,0.0312068880,0.9274069211,empty,59df1d0965ae364a8dc80887839a20be5f7a98764098a3afdeedc416721337d1
RAAF-BiPAC-Mamba,42,S0,EEVT_017,empty,0.0219978067,0.0430830607,0.9349191326,empty,59df1d0965ae364a8dc80887839a20be5f7a98764098a3afdeedc416721337d1
RAAF-BiPAC-Mamba,42,S0,EEVT_019,empty,0.0453300496,0.0726632281,0.8820067224,empty,59df1d0965ae364a8dc80887839a20be5f7a98764098a3afdeedc416721337d1
RAAF-BiPAC-Mamba,42,S0,EEVT_029,empty,0.1479291712,0.1359277801,0.7161430486,empty,59df1d0965ae364a8dc80887839a20be5f7a98764098a3afdeedc416721337d1
RAAF-BiPAC-Mamba,42,S0,EEVT_033,empty,0.0269290465,0.0281466145,0.9449243390,empty,59df1d0965ae364a8dc80887839a20be5f7a98764098a3afdeedc416721337d1
RAAF-BiPAC-Mamba,42,S0,EEVT_034,empty,0.0547434938,0.0377827168,0.9074737894,empty,59df1d0965ae364a8dc80887839a20be5f7a98764098a3afdeedc416721337d1
RAAF-BiPAC-Mamba,42,S0,EEVT_036,empty,0.0497797280,0.0606197958,0.8896004761,empty,59df1d0965ae364a8dc80887839a20be5f7a98764098a3afdeedc416721337d1
RAAF-BiPAC-Mamba,42,S1,CEVT_001,coal,0.8234744647,0.0651973671,0.1113281682,coal,59df1d0965ae364a8dc80887839a20be5f7a98764098a3afdeedc416721337d1
RAAF-BiPAC-Mamba,42,S1,CEVT_003,coal,0.8742499768,0.0564146677,0.0693353555,coal,59df1d0965ae364a8dc80887839a20be5f7a98764098a3afdeedc416721337d1
RAAF-BiPAC-Mamba,42,S1,CEVT_009,coal,0.7851637450,0.1106891029,0.1041471521,coal,59df1d0965ae364a8dc80887839a20be5f7a98764098a3afdeedc416721337d1
RAAF-BiPAC-Mamba,42,S1,CEVT_014,coal,0.8599233507,0.0848995367,0.0551771126,coal,59df1d0965ae364a8dc80887839a20be5f7a98764098a3afdeedc416721337d1
RAAF-BiPAC-Mamba,42,S1,CEVT_019,coal,0.7320266368,0.1398801570,0.1280932062,coal,59df1d0965ae364a8dc80887839a20be5f7a98764098a3afdeedc416721337d1
RAAF-BiPAC-Mamba,42,S1,CEVT_020,coal,0.8284249990,0.0722939602,0.0992810408,coal,59df1d0965ae364a8dc80887839a20be5f7a98764098a3afdeedc416721337d1
RAAF-BiPAC-Mamba,42,S1,CEVT_024,coal,0.7837155438,0.0898705762,0.1264138800,coal,59df1d0965ae364a8dc80887839a20be5f7a98764098a3afdeedc416721337d1
RAAF-BiPAC-Mamba,42,S1,CEVT_033,coal,0.9073774854,0.0350873293,0.0575351853,coal,59df1d0965ae364a8dc80887839a20be5f7a98764098a3afdeedc416721337d1
RAAF-BiPAC-Mamba,42,S1,CEVT_042,coal,0.8455095269,0.0763574069,0.0781330662,coal,59df1d0965ae364a8dc80887839a20be5f7a98764098a3afdeedc416721337d1
RAAF-BiPAC-Mamba,42,S1,CEVT_044,coal,0.9555006860,0.0199507772,0.0245485368,coal,59df1d0965ae364a8dc80887839a20be5f7a98764098a3afdeedc416721337d1
RAAF-BiPAC-Mamba,42,S1,GEVT_004,gangue,0.0505554823,0.8557734477,0.0936710701,gangue,59df1d0965ae364a8dc80887839a20be5f7a98764098a3afdeedc416721337d1
RAAF-BiPAC-Mamba,42,S1,GEVT_013,gangue,0.0499144266,0.9183953439,0.0316902295,gangue,59df1d0965ae364a8dc80887839a20be5f7a98764098a3afdeedc416721337d1
RAAF-BiPAC-Mamba,42,S1,GEVT_014,gangue,0.0725411423,0.8093959866,0.1180628712,gangue,59df1d0965ae364a8dc80887839a20be5f7a98764098a3afdeedc416721337d1
RAAF-BiPAC-Mamba,42,S1,GEVT_019,gangue,0.1477200160,0.7103194834,0.1419605006,gangue,59df1d0965ae364a8dc80887839a20be5f7a98764098a3afdeedc416721337d1
RAAF-BiPAC-Mamba,42,S1,GEVT_023,gangue,0.1110646761,0.7455858336,0.1433494903,gangue,59df1d0965ae364a8dc80887839a20be5f7a98764098a3afdeedc416721337d1
RAAF-BiPAC-Mamba,42,S1,GEVT_027,gangue,0.4991549445,0.2794678424,0.2213772131,coal,59df1d0965ae364a8dc80887839a20be5f7a98764098a3afdeedc416721337d1
RAAF-BiPAC-Mamba,42,S1,GEVT_033,gangue,0.1019777821,0.8394265655,0.0585956524,gangue,59df1d0965ae364a8dc80887839a20be5f7a98764098a3afdeedc416721337d1
RAAF-BiPAC-Mamba,42,S1,GEVT_040,gangue,0.0662702184,0.8221785139,0.1115512677,gangue,59df1d0965ae364a8dc80887839a20be5f7a98764098a3afdeedc416721337d1
RAAF-BiPAC-Mamba,42,S1,GEVT_050,gangue,0.0850642248,0.8590144906,0.0559212847,gangue,59df1d0965ae364a8dc80887839a20be5f7a98764098a3afdeedc416721337d1
RAAF-BiPAC-Mamba,42,S1,GEVT_053,gangue,0.0675463725,0.8917530137,0.0407006139,gangue,59df1d0965ae364a8dc80887839a20be5f7a98764098a3afdeedc416721337d1
RAAF-BiPAC-Mamba,42,S1,GEVT_055,gangue,0.1033730815,0.7541620349,0.1424648837,gangue,59df1d0965ae364a8dc80887839a20be5f7a98764098a3afdeedc416721337d1
RAAF-BiPAC-Mamba,42,S1,EEVT_002,empty,0.0372212984,0.0650052219,0.8977734798,empty,59df1d0965ae364a8dc80887839a20be5f7a98764098a3afdeedc416721337d1
RAAF-BiPAC-Mamba,42,S1,EEVT_005,empty,0.0865469453,0.1555904456,0.7578626091,empty,59df1d0965ae364a8dc80887839a20be5f7a98764098a3afdeedc416721337d1
RAAF-BiPAC-Mamba,42,S1,EEVT_009,empty,0.0380406476,0.0625711741,0.8993881783,empty,59df1d0965ae364a8dc80887839a20be5f7a98764098a3afdeedc416721337d1
RAAF-BiPAC-Mamba,42,S1,EEVT_017,empty,0.1062595439,0.1236060795,0.7701343766,empty,59df1d0965ae364a8dc80887839a20be5f7a98764098a3afdeedc416721337d1
RAAF-BiPAC-Mamba,42,S1,EEVT_019,empty,0.0278850472,0.0434682649,0.9286466879,empty,59df1d0965ae364a8dc80887839a20be5f7a98764098a3afdeedc416721337d1
RAAF-BiPAC-Mamba,42,S1,EEVT_029,empty,0.1287031261,0.1274317819,0.7438650921,empty,59df1d0965ae364a8dc80887839a20be5f7a98764098a3afdeedc416721337d1
RAAF-BiPAC-Mamba,42,S1,EEVT_033,empty,0.1053336501,0.0862912690,0.8083750810,empty,59df1d0965ae364a8dc80887839a20be5f7a98764098a3afdeedc416721337d1
RAAF-BiPAC-Mamba,42,S1,EEVT_034,empty,0.1027742122,0.1520664464,0.7451593414,empty,59df1d0965ae364a8dc80887839a20be5f7a98764098a3afdeedc416721337d1
RAAF-BiPAC-Mamba,42,S1,EEVT_036,empty,0.0638912065,0.0855273563,0.8505814371,empty,59df1d0965ae364a8dc80887839a20be5f7a98764098a3afdeedc416721337d1
RAAF-BiPAC-Mamba,42,S2,CEVT_001,coal,0.9273836305,0.0435022331,0.0291141364,coal,59df1d0965ae364a8dc80887839a20be5f7a98764098a3afdeedc416721337d1
RAAF-BiPAC-Mamba,42,S2,CEVT_003,coal,0.7675953537,0.0908136873,0.1415909590,coal,59df1d0965ae364a8dc80887839a20be5f7a98764098a3afdeedc416721337d1
RAAF-BiPAC-Mamba,42,S2,CEVT_009,coal,0.7098752750,0.1823789740,0.1077457510,coal,59df1d0965ae364a8dc80887839a20be5f7a98764098a3afdeedc416721337d1
RAAF-BiPAC-Mamba,42,S2,CEVT_014,coal,0.8955474910,0.0599271382,0.0445253709,coal,59df1d0965ae364a8dc80887839a20be5f7a98764098a3afdeedc416721337d1
RAAF-BiPAC-Mamba,42,S2,CEVT_019,coal,0.7208475161,0.0988555669,0.1802969170,coal,59df1d0965ae364a8dc80887839a20be5f7a98764098a3afdeedc416721337d1
RAAF-BiPAC-Mamba,42,S2,CEVT_020,coal,0.8011326590,0.0852800216,0.1135873193,coal,59df1d0965ae364a8dc80887839a20be5f7a98764098a3afdeedc416721337d1
RAAF-BiPAC-Mamba,42,S2,CEVT_024,coal,0.8526523767,0.0729317891,0.0744158341,coal,59df1d0965ae364a8dc80887839a20be5f7a98764098a3afdeedc416721337d1
RAAF-BiPAC-Mamba,42,S2,CEVT_033,coal,0.9402547608,0.0359420732,0.0238031661,coal,59df1d0965ae364a8dc80887839a20be5f7a98764098a3afdeedc416721337d1
RAAF-BiPAC-Mamba,42,S2,CEVT_042,coal,0.8201077160,0.1012239512,0.0786683328,coal,59df1d0965ae364a8dc80887839a20be5f7a98764098a3afdeedc416721337d1
RAAF-BiPAC-Mamba,42,S2,CEVT_044,coal,0.8973000386,0.0395012894,0.0631986721,coal,59df1d0965ae364a8dc80887839a20be5f7a98764098a3afdeedc416721337d1
RAAF-BiPAC-Mamba,42,S2,GEVT_004,gangue,0.1402959750,0.7155666499,0.1441373751,gangue,59df1d0965ae364a8dc80887839a20be5f7a98764098a3afdeedc416721337d1
RAAF-BiPAC-Mamba,42,S2,GEVT_013,gangue,0.0365341794,0.9276524586,0.0358133620,gangue,59df1d0965ae364a8dc80887839a20be5f7a98764098a3afdeedc416721337d1
RAAF-BiPAC-Mamba,42,S2,GEVT_014,gangue,0.1061452792,0.8135544638,0.0803002570,gangue,59df1d0965ae364a8dc80887839a20be5f7a98764098a3afdeedc416721337d1
RAAF-BiPAC-Mamba,42,S2,GEVT_019,gangue,0.5157565756,0.3606536347,0.1235897897,coal,59df1d0965ae364a8dc80887839a20be5f7a98764098a3afdeedc416721337d1
RAAF-BiPAC-Mamba,42,S2,GEVT_023,gangue,0.0277007354,0.9400188215,0.0322804431,gangue,59df1d0965ae364a8dc80887839a20be5f7a98764098a3afdeedc416721337d1
RAAF-BiPAC-Mamba,42,S2,GEVT_027,gangue,0.0435868337,0.9121383766,0.0442747897,gangue,59df1d0965ae364a8dc80887839a20be5f7a98764098a3afdeedc416721337d1
RAAF-BiPAC-Mamba,42,S2,GEVT_033,gangue,0.0638713260,0.8367852749,0.0993433990,gangue,59df1d0965ae364a8dc80887839a20be5f7a98764098a3afdeedc416721337d1
RAAF-BiPAC-Mamba,42,S2,GEVT_040,gangue,0.0451442576,0.8803259188,0.0745298237,gangue,59df1d0965ae364a8dc80887839a20be5f7a98764098a3afdeedc416721337d1
RAAF-BiPAC-Mamba,42,S2,GEVT_050,gangue,0.1479454328,0.7062725766,0.1457819906,gangue,59df1d0965ae364a8dc80887839a20be5f7a98764098a3afdeedc416721337d1
RAAF-BiPAC-Mamba,42,S2,GEVT_053,gangue,0.1187625694,0.7901049920,0.0911324386,gangue,59df1d0965ae364a8dc80887839a20be5f7a98764098a3afdeedc416721337d1
RAAF-BiPAC-Mamba,42,S2,GEVT_055,gangue,0.1018162869,0.7203614805,0.1778222325,gangue,59df1d0965ae364a8dc80887839a20be5f7a98764098a3afdeedc416721337d1
RAAF-BiPAC-Mamba,42,S2,EEVT_002,empty,0.1493617770,0.0888099587,0.7618282643,empty,59df1d0965ae364a8dc80887839a20be5f7a98764098a3afdeedc416721337d1
RAAF-BiPAC-Mamba,42,S2,EEVT_005,empty,0.0245711286,0.0435730174,0.9318558540,empty,59df1d0965ae364a8dc80887839a20be5f7a98764098a3afdeedc416721337d1
RAAF-BiPAC-Mamba,42,S2,EEVT_009,empty,0.0509483706,0.0433683663,0.9056832630,empty,59df1d0965ae364a8dc80887839a20be5f7a98764098a3afdeedc416721337d1
RAAF-BiPAC-Mamba,42,S2,EEVT_017,empty,0.0274699340,0.0227081478,0.9498219183,empty,59df1d0965ae364a8dc80887839a20be5f7a98764098a3afdeedc416721337d1
RAAF-BiPAC-Mamba,42,S2,EEVT_019,empty,0.1220043399,0.1500221366,0.7279735236,empty,59df1d0965ae364a8dc80887839a20be5f7a98764098a3afdeedc416721337d1
RAAF-BiPAC-Mamba,42,S2,EEVT_029,empty,0.0798299201,0.0648951045,0.8552749753,empty,59df1d0965ae364a8dc80887839a20be5f7a98764098a3afdeedc416721337d1
RAAF-BiPAC-Mamba,42,S2,EEVT_033,empty,0.0940517013,0.1165974338,0.7893508649,empty,59df1d0965ae364a8dc80887839a20be5f7a98764098a3afdeedc416721337d1
RAAF-BiPAC-Mamba,42,S2,EEVT_034,empty,0.1008991731,0.1163734580,0.7827273690,empty,59df1d0965ae364a8dc80887839a20be5f7a98764098a3afdeedc416721337d1
RAAF-BiPAC-Mamba,42,S2,EEVT_036,empty,0.0369827807,0.0271588316,0.9358583878,empty,59df1d0965ae364a8dc80887839a20be5f7a98764098a3afdeedc416721337d1
RAAF-BiPAC-Mamba,42,S3,CEVT_001,coal,0.9186317394,0.0335130820,0.0478551786,coal,59df1d0965ae364a8dc80887839a20be5f7a98764098a3afdeedc416721337d1
RAAF-BiPAC-Mamba,42,S3,CEVT_003,coal,0.9096058948,0.0444056491,0.0459884561,coal,59df1d0965ae364a8dc80887839a20be5f7a98764098a3afdeedc416721337d1
RAAF-BiPAC-Mamba,42,S3,CEVT_009,coal,0.7542112828,0.1451193241,0.1006693931,coal,59df1d0965ae364a8dc80887839a20be5f7a98764098a3afdeedc416721337d1
RAAF-BiPAC-Mamba,42,S3,CEVT_014,coal,0.7183526901,0.1737026718,0.1079446380,coal,59df1d0965ae364a8dc80887839a20be5f7a98764098a3afdeedc416721337d1
RAAF-BiPAC-Mamba,42,S3,CEVT_019,coal,0.7210553470,0.1434074631,0.1355371899,coal,59df1d0965ae364a8dc80887839a20be5f7a98764098a3afdeedc416721337d1
RAAF-BiPAC-Mamba,42,S3,CEVT_020,coal,0.8383097605,0.0616182911,0.1000719484,coal,59df1d0965ae364a8dc80887839a20be5f7a98764098a3afdeedc416721337d1
RAAF-BiPAC-Mamba,42,S3,CEVT_024,coal,0.9491724636,0.0292719570,0.0215555794,coal,59df1d0965ae364a8dc80887839a20be5f7a98764098a3afdeedc416721337d1
RAAF-BiPAC-Mamba,42,S3,CEVT_033,coal,0.8618221437,0.0887410063,0.0494368500,coal,59df1d0965ae364a8dc80887839a20be5f7a98764098a3afdeedc416721337d1
RAAF-BiPAC-Mamba,42,S3,CEVT_042,coal,0.7283498646,0.1313958741,0.1402542613,coal,59df1d0965ae364a8dc80887839a20be5f7a98764098a3afdeedc416721337d1
RAAF-BiPAC-Mamba,42,S3,CEVT_044,coal,0.8582150583,0.0607137928,0.0810711489,coal,59df1d0965ae364a8dc80887839a20be5f7a98764098a3afdeedc416721337d1
RAAF-BiPAC-Mamba,42,S3,GEVT_004,gangue,0.1422897747,0.7208707654,0.1368394599,gangue,59df1d0965ae364a8dc80887839a20be5f7a98764098a3afdeedc416721337d1
RAAF-BiPAC-Mamba,42,S3,GEVT_013,gangue,0.1640902374,0.7365562047,0.0993535579,gangue,59df1d0965ae364a8dc80887839a20be5f7a98764098a3afdeedc416721337d1
RAAF-BiPAC-Mamba,42,S3,GEVT_014,gangue,0.1184869553,0.7564641050,0.1250489397,gangue,59df1d0965ae364a8dc80887839a20be5f7a98764098a3afdeedc416721337d1
RAAF-BiPAC-Mamba,42,S3,GEVT_019,gangue,0.1194664111,0.7894049007,0.0911286881,gangue,59df1d0965ae364a8dc80887839a20be5f7a98764098a3afdeedc416721337d1
RAAF-BiPAC-Mamba,42,S3,GEVT_023,gangue,0.0555360783,0.8617764303,0.0826874914,gangue,59df1d0965ae364a8dc80887839a20be5f7a98764098a3afdeedc416721337d1
RAAF-BiPAC-Mamba,42,S3,GEVT_027,gangue,0.0930504505,0.8224655640,0.0844839855,gangue,59df1d0965ae364a8dc80887839a20be5f7a98764098a3afdeedc416721337d1
RAAF-BiPAC-Mamba,42,S3,GEVT_033,gangue,0.0523786412,0.8949496505,0.0526717082,gangue,59df1d0965ae364a8dc80887839a20be5f7a98764098a3afdeedc416721337d1
RAAF-BiPAC-Mamba,42,S3,GEVT_040,gangue,0.0676008449,0.8768964414,0.0555027137,gangue,59df1d0965ae364a8dc80887839a20be5f7a98764098a3afdeedc416721337d1
RAAF-BiPAC-Mamba,42,S3,GEVT_050,gangue,0.5747500649,0.3869945238,0.0382554113,coal,59df1d0965ae364a8dc80887839a20be5f7a98764098a3afdeedc416721337d1
RAAF-BiPAC-Mamba,42,S3,GEVT_053,gangue,0.0949952115,0.7617562084,0.1432485801,gangue,59df1d0965ae364a8dc80887839a20be5f7a98764098a3afdeedc416721337d1
RAAF-BiPAC-Mamba,42,S3,GEVT_055,gangue,0.0683905799,0.8440312033,0.0875782169,gangue,59df1d0965ae364a8dc80887839a20be5f7a98764098a3afdeedc416721337d1
RAAF-BiPAC-Mamba,42,S3,EEVT_002,empty,0.5911974145,0.0061793629,0.4026232226,coal,59df1d0965ae364a8dc80887839a20be5f7a98764098a3afdeedc416721337d1
RAAF-BiPAC-Mamba,42,S3,EEVT_005,empty,0.1034613713,0.1070555956,0.7894830331,empty,59df1d0965ae364a8dc80887839a20be5f7a98764098a3afdeedc416721337d1
RAAF-BiPAC-Mamba,42,S3,EEVT_009,empty,0.1207005059,0.1720812467,0.7072182474,empty,59df1d0965ae364a8dc80887839a20be5f7a98764098a3afdeedc416721337d1
RAAF-BiPAC-Mamba,42,S3,EEVT_017,empty,0.1670822047,0.1029249288,0.7299928665,empty,59df1d0965ae364a8dc80887839a20be5f7a98764098a3afdeedc416721337d1
RAAF-BiPAC-Mamba,42,S3,EEVT_019,empty,0.0413844046,0.0557895124,0.9028260830,empty,59df1d0965ae364a8dc80887839a20be5f7a98764098a3afdeedc416721337d1
RAAF-BiPAC-Mamba,42,S3,EEVT_029,empty,0.0699667071,0.0745027708,0.8555305221,empty,59df1d0965ae364a8dc80887839a20be5f7a98764098a3afdeedc416721337d1
RAAF-BiPAC-Mamba,42,S3,EEVT_033,empty,0.0328953721,0.0215498301,0.9455547978,empty,59df1d0965ae364a8dc80887839a20be5f7a98764098a3afdeedc416721337d1
RAAF-BiPAC-Mamba,42,S3,EEVT_034,empty,0.0408989894,0.0276868177,0.9314141929,empty,59df1d0965ae364a8dc80887839a20be5f7a98764098a3afdeedc416721337d1
RAAF-BiPAC-Mamba,42,S3,EEVT_036,empty,0.0767294825,0.0614356848,0.8618348328,empty,59df1d0965ae364a8dc80887839a20be5f7a98764098a3afdeedc416721337d1
RAAF-BiPAC-Mamba,42,S4,CEVT_001,coal,0.9042631059,0.0485211041,0.0472157901,coal,59df1d0965ae364a8dc80887839a20be5f7a98764098a3afdeedc416721337d1
RAAF-BiPAC-Mamba,42,S4,CEVT_003,coal,0.8123627319,0.1154308907,0.0722063774,coal,59df1d0965ae364a8dc80887839a20be5f7a98764098a3afdeedc416721337d1
RAAF-BiPAC-Mamba,42,S4,CEVT_009,coal,0.8828619491,0.0450334914,0.0721045595,coal,59df1d0965ae364a8dc80887839a20be5f7a98764098a3afdeedc416721337d1
RAAF-BiPAC-Mamba,42,S4,CEVT_014,coal,0.7206542743,0.1028869262,0.1764587995,coal,59df1d0965ae364a8dc80887839a20be5f7a98764098a3afdeedc416721337d1
RAAF-BiPAC-Mamba,42,S4,CEVT_019,coal,0.9340236260,0.0381838542,0.0277925198,coal,59df1d0965ae364a8dc80887839a20be5f7a98764098a3afdeedc416721337d1
RAAF-BiPAC-Mamba,42,S4,CEVT_020,coal,0.9085709212,0.0531690713,0.0382600074,coal,59df1d0965ae364a8dc80887839a20be5f7a98764098a3afdeedc416721337d1
RAAF-BiPAC-Mamba,42,S4,CEVT_024,coal,0.7614580346,0.1175322886,0.1210096768,coal,59df1d0965ae364a8dc80887839a20be5f7a98764098a3afdeedc416721337d1
RAAF-BiPAC-Mamba,42,S4,CEVT_033,coal,0.8736968923,0.0750498545,0.0512532532,coal,59df1d0965ae364a8dc80887839a20be5f7a98764098a3afdeedc416721337d1
RAAF-BiPAC-Mamba,42,S4,CEVT_042,coal,0.3923263674,0.1058254863,0.5018481463,empty,59df1d0965ae364a8dc80887839a20be5f7a98764098a3afdeedc416721337d1
RAAF-BiPAC-Mamba,42,S4,CEVT_044,coal,0.8451512833,0.0881974895,0.0666512272,coal,59df1d0965ae364a8dc80887839a20be5f7a98764098a3afdeedc416721337d1
RAAF-BiPAC-Mamba,42,S4,GEVT_004,gangue,0.0857822762,0.8247882218,0.0894295020,gangue,59df1d0965ae364a8dc80887839a20be5f7a98764098a3afdeedc416721337d1
RAAF-BiPAC-Mamba,42,S4,GEVT_013,gangue,0.1415177174,0.7045805201,0.1539017625,gangue,59df1d0965ae364a8dc80887839a20be5f7a98764098a3afdeedc416721337d1
RAAF-BiPAC-Mamba,42,S4,GEVT_014,gangue,0.0133916023,0.9579818638,0.0286265339,gangue,59df1d0965ae364a8dc80887839a20be5f7a98764098a3afdeedc416721337d1
RAAF-BiPAC-Mamba,42,S4,GEVT_019,gangue,0.1226205531,0.7458647540,0.1315146929,gangue,59df1d0965ae364a8dc80887839a20be5f7a98764098a3afdeedc416721337d1
RAAF-BiPAC-Mamba,42,S4,GEVT_023,gangue,0.1454388054,0.7014440137,0.1531171809,gangue,59df1d0965ae364a8dc80887839a20be5f7a98764098a3afdeedc416721337d1
RAAF-BiPAC-Mamba,42,S4,GEVT_027,gangue,0.0847866301,0.8601511063,0.0550622636,gangue,59df1d0965ae364a8dc80887839a20be5f7a98764098a3afdeedc416721337d1
RAAF-BiPAC-Mamba,42,S4,GEVT_033,gangue,0.1753461834,0.7208490858,0.1038047308,gangue,59df1d0965ae364a8dc80887839a20be5f7a98764098a3afdeedc416721337d1
RAAF-BiPAC-Mamba,42,S4,GEVT_040,gangue,0.5630651567,0.3396290687,0.0973057746,coal,59df1d0965ae364a8dc80887839a20be5f7a98764098a3afdeedc416721337d1
RAAF-BiPAC-Mamba,42,S4,GEVT_050,gangue,0.1219045784,0.7157179033,0.1623775183,gangue,59df1d0965ae364a8dc80887839a20be5f7a98764098a3afdeedc416721337d1
RAAF-BiPAC-Mamba,42,S4,GEVT_053,gangue,0.0986273951,0.7720902361,0.1292823689,gangue,59df1d0965ae364a8dc80887839a20be5f7a98764098a3afdeedc416721337d1
RAAF-BiPAC-Mamba,42,S4,GEVT_055,gangue,0.1230257794,0.8060322592,0.0709419613,gangue,59df1d0965ae364a8dc80887839a20be5f7a98764098a3afdeedc416721337d1
RAAF-BiPAC-Mamba,42,S4,EEVT_002,empty,0.0658438300,0.0926369334,0.8415192367,empty,59df1d0965ae364a8dc80887839a20be5f7a98764098a3afdeedc416721337d1
RAAF-BiPAC-Mamba,42,S4,EEVT_005,empty,0.1529468341,0.1408611526,0.7061920132,empty,59df1d0965ae364a8dc80887839a20be5f7a98764098a3afdeedc416721337d1
RAAF-BiPAC-Mamba,42,S4,EEVT_009,empty,0.1030201216,0.1572147796,0.7397650988,empty,59df1d0965ae364a8dc80887839a20be5f7a98764098a3afdeedc416721337d1
RAAF-BiPAC-Mamba,42,S4,EEVT_017,empty,0.1146207243,0.1146552120,0.7707240637,empty,59df1d0965ae364a8dc80887839a20be5f7a98764098a3afdeedc416721337d1
RAAF-BiPAC-Mamba,42,S4,EEVT_019,empty,0.0465928924,0.0479231270,0.9054839806,empty,59df1d0965ae364a8dc80887839a20be5f7a98764098a3afdeedc416721337d1
RAAF-BiPAC-Mamba,42,S4,EEVT_029,empty,0.0409217391,0.0230655553,0.9360127056,empty,59df1d0965ae364a8dc80887839a20be5f7a98764098a3afdeedc416721337d1
RAAF-BiPAC-Mamba,42,S4,EEVT_033,empty,0.0826190302,0.0861931751,0.8311877947,empty,59df1d0965ae364a8dc80887839a20be5f7a98764098a3afdeedc416721337d1
RAAF-BiPAC-Mamba,42,S4,EEVT_034,empty,0.0871099235,0.0866962494,0.8261938271,empty,59df1d0965ae364a8dc80887839a20be5f7a98764098a3afdeedc416721337d1
RAAF-BiPAC-Mamba,42,S4,EEVT_036,empty,0.0334697507,0.0271893028,0.9393409465,empty,59df1d0965ae364a8dc80887839a20be5f7a98764098a3afdeedc416721337d1
RAAF-BiPAC-Mamba,42,S5,CEVT_001,coal,0.9129051754,0.0497749088,0.0373199158,coal,59df1d0965ae364a8dc80887839a20be5f7a98764098a3afdeedc416721337d1
RAAF-BiPAC-Mamba,42,S5,CEVT_003,coal,0.7368539350,0.1321137325,0.1310323325,coal,59df1d0965ae364a8dc80887839a20be5f7a98764098a3afdeedc416721337d1
RAAF-BiPAC-Mamba,42,S5,CEVT_009,coal,0.9526258728,0.0318435944,0.0155305328,coal,59df1d0965ae364a8dc80887839a20be5f7a98764098a3afdeedc416721337d1
RAAF-BiPAC-Mamba,42,S5,CEVT_014,coal,0.8285060358,0.0687772062,0.1027167580,coal,59df1d0965ae364a8dc80887839a20be5f7a98764098a3afdeedc416721337d1
RAAF-BiPAC-Mamba,42,S5,CEVT_019,coal,0.7715054479,0.1156281852,0.1128663669,coal,59df1d0965ae364a8dc80887839a20be5f7a98764098a3afdeedc416721337d1
RAAF-BiPAC-Mamba,42,S5,CEVT_020,coal,0.7269048622,0.1272386378,0.1458565000,coal,59df1d0965ae364a8dc80887839a20be5f7a98764098a3afdeedc416721337d1
RAAF-BiPAC-Mamba,42,S5,CEVT_024,coal,0.8592521720,0.0771651841,0.0635826439,coal,59df1d0965ae364a8dc80887839a20be5f7a98764098a3afdeedc416721337d1
RAAF-BiPAC-Mamba,42,S5,CEVT_033,coal,0.8686285193,0.0726083217,0.0587631589,coal,59df1d0965ae364a8dc80887839a20be5f7a98764098a3afdeedc416721337d1
RAAF-BiPAC-Mamba,42,S5,CEVT_042,coal,0.7188020876,0.1434033270,0.1377945855,coal,59df1d0965ae364a8dc80887839a20be5f7a98764098a3afdeedc416721337d1
RAAF-BiPAC-Mamba,42,S5,CEVT_044,coal,0.9059351063,0.0377929389,0.0562719548,coal,59df1d0965ae364a8dc80887839a20be5f7a98764098a3afdeedc416721337d1
RAAF-BiPAC-Mamba,42,S5,GEVT_004,gangue,0.0628084378,0.9021181197,0.0350734426,gangue,59df1d0965ae364a8dc80887839a20be5f7a98764098a3afdeedc416721337d1
RAAF-BiPAC-Mamba,42,S5,GEVT_013,gangue,0.0332382511,0.9268790791,0.0398826698,gangue,59df1d0965ae364a8dc80887839a20be5f7a98764098a3afdeedc416721337d1
RAAF-BiPAC-Mamba,42,S5,GEVT_014,gangue,0.0618602762,0.8576865982,0.0804531255,gangue,59df1d0965ae364a8dc80887839a20be5f7a98764098a3afdeedc416721337d1
RAAF-BiPAC-Mamba,42,S5,GEVT_019,gangue,0.0653697375,0.8305283541,0.1041019085,gangue,59df1d0965ae364a8dc80887839a20be5f7a98764098a3afdeedc416721337d1
RAAF-BiPAC-Mamba,42,S5,GEVT_023,gangue,0.0784320659,0.8653087234,0.0562592107,gangue,59df1d0965ae364a8dc80887839a20be5f7a98764098a3afdeedc416721337d1
RAAF-BiPAC-Mamba,42,S5,GEVT_027,gangue,0.1036906593,0.8161001087,0.0802092320,gangue,59df1d0965ae364a8dc80887839a20be5f7a98764098a3afdeedc416721337d1
RAAF-BiPAC-Mamba,42,S5,GEVT_033,gangue,0.0863617253,0.8340696175,0.0795686572,gangue,59df1d0965ae364a8dc80887839a20be5f7a98764098a3afdeedc416721337d1
RAAF-BiPAC-Mamba,42,S5,GEVT_040,gangue,0.1544098540,0.7119448043,0.1336453418,gangue,59df1d0965ae364a8dc80887839a20be5f7a98764098a3afdeedc416721337d1
RAAF-BiPAC-Mamba,42,S5,GEVT_050,gangue,0.0693920066,0.8616899180,0.0689180754,gangue,59df1d0965ae364a8dc80887839a20be5f7a98764098a3afdeedc416721337d1
RAAF-BiPAC-Mamba,42,S5,GEVT_053,gangue,0.6114544849,0.3378434637,0.0507020514,coal,59df1d0965ae364a8dc80887839a20be5f7a98764098a3afdeedc416721337d1
RAAF-BiPAC-Mamba,42,S5,GEVT_055,gangue,0.1030338929,0.7681544642,0.1288116428,gangue,59df1d0965ae364a8dc80887839a20be5f7a98764098a3afdeedc416721337d1
RAAF-BiPAC-Mamba,42,S5,EEVT_002,empty,0.1549998403,0.1194484228,0.7255517369,empty,59df1d0965ae364a8dc80887839a20be5f7a98764098a3afdeedc416721337d1
RAAF-BiPAC-Mamba,42,S5,EEVT_005,empty,0.0496016539,0.0386439100,0.9117544362,empty,59df1d0965ae364a8dc80887839a20be5f7a98764098a3afdeedc416721337d1
RAAF-BiPAC-Mamba,42,S5,EEVT_009,empty,0.0380360162,0.0233601792,0.9386038046,empty,59df1d0965ae364a8dc80887839a20be5f7a98764098a3afdeedc416721337d1
RAAF-BiPAC-Mamba,42,S5,EEVT_017,empty,0.0301934569,0.0501190634,0.9196874797,empty,59df1d0965ae364a8dc80887839a20be5f7a98764098a3afdeedc416721337d1
RAAF-BiPAC-Mamba,42,S5,EEVT_019,empty,0.5958961439,0.0224137453,0.3816901109,coal,59df1d0965ae364a8dc80887839a20be5f7a98764098a3afdeedc416721337d1
RAAF-BiPAC-Mamba,42,S5,EEVT_029,empty,0.1253816952,0.1053489671,0.7692693378,empty,59df1d0965ae364a8dc80887839a20be5f7a98764098a3afdeedc416721337d1
RAAF-BiPAC-Mamba,42,S5,EEVT_033,empty,0.0431105107,0.0616233126,0.8952661767,empty,59df1d0965ae364a8dc80887839a20be5f7a98764098a3afdeedc416721337d1
RAAF-BiPAC-Mamba,42,S5,EEVT_034,empty,0.0863234978,0.0710801052,0.8425963970,empty,59df1d0965ae364a8dc80887839a20be5f7a98764098a3afdeedc416721337d1
RAAF-BiPAC-Mamba,42,S5,EEVT_036,empty,0.0171477309,0.0297703572,0.9530819119,empty,59df1d0965ae364a8dc80887839a20be5f7a98764098a3afdeedc416721337d1
RAAF-BiPAC-Mamba,42,S6,CEVT_001,coal,0.9430455821,0.0332819732,0.0236724448,coal,59df1d0965ae364a8dc80887839a20be5f7a98764098a3afdeedc416721337d1
RAAF-BiPAC-Mamba,42,S6,CEVT_003,coal,0.7798151094,0.1271091598,0.0930757309,coal,59df1d0965ae364a8dc80887839a20be5f7a98764098a3afdeedc416721337d1
RAAF-BiPAC-Mamba,42,S6,CEVT_009,coal,0.3554065583,0.6222725032,0.0223209384,gangue,59df1d0965ae364a8dc80887839a20be5f7a98764098a3afdeedc416721337d1
RAAF-BiPAC-Mamba,42,S6,CEVT_014,coal,0.8109710067,0.0945792766,0.0944497167,coal,59df1d0965ae364a8dc80887839a20be5f7a98764098a3afdeedc416721337d1
RAAF-BiPAC-Mamba,42,S6,CEVT_019,coal,0.9544805431,0.0261151048,0.0194043521,coal,59df1d0965ae364a8dc80887839a20be5f7a98764098a3afdeedc416721337d1
RAAF-BiPAC-Mamba,42,S6,CEVT_020,coal,0.2984399971,0.5565191300,0.1450408729,gangue,59df1d0965ae364a8dc80887839a20be5f7a98764098a3afdeedc416721337d1
RAAF-BiPAC-Mamba,42,S6,CEVT_024,coal,0.9213413545,0.0298214080,0.0488372375,coal,59df1d0965ae364a8dc80887839a20be5f7a98764098a3afdeedc416721337d1
RAAF-BiPAC-Mamba,42,S6,CEVT_033,coal,0.9283739131,0.0351938945,0.0364321924,coal,59df1d0965ae364a8dc80887839a20be5f7a98764098a3afdeedc416721337d1
RAAF-BiPAC-Mamba,42,S6,CEVT_042,coal,0.8473725158,0.0655245858,0.0871028984,coal,59df1d0965ae364a8dc80887839a20be5f7a98764098a3afdeedc416721337d1
RAAF-BiPAC-Mamba,42,S6,CEVT_044,coal,0.8059367587,0.0839589887,0.1101042526,coal,59df1d0965ae364a8dc80887839a20be5f7a98764098a3afdeedc416721337d1
RAAF-BiPAC-Mamba,42,S6,GEVT_004,gangue,0.1130547495,0.8248898623,0.0620553882,gangue,59df1d0965ae364a8dc80887839a20be5f7a98764098a3afdeedc416721337d1
RAAF-BiPAC-Mamba,42,S6,GEVT_013,gangue,0.0464365097,0.8776586035,0.0759048868,gangue,59df1d0965ae364a8dc80887839a20be5f7a98764098a3afdeedc416721337d1
RAAF-BiPAC-Mamba,42,S6,GEVT_014,gangue,0.0511307403,0.8806388986,0.0682303610,gangue,59df1d0965ae364a8dc80887839a20be5f7a98764098a3afdeedc416721337d1
RAAF-BiPAC-Mamba,42,S6,GEVT_019,gangue,0.0897245476,0.8512840019,0.0589914505,gangue,59df1d0965ae364a8dc80887839a20be5f7a98764098a3afdeedc416721337d1
RAAF-BiPAC-Mamba,42,S6,GEVT_023,gangue,0.0690662752,0.8064472409,0.1244864839,gangue,59df1d0965ae364a8dc80887839a20be5f7a98764098a3afdeedc416721337d1
RAAF-BiPAC-Mamba,42,S6,GEVT_027,gangue,0.0387121337,0.8968394173,0.0644484490,gangue,59df1d0965ae364a8dc80887839a20be5f7a98764098a3afdeedc416721337d1
RAAF-BiPAC-Mamba,42,S6,GEVT_033,gangue,0.0900749762,0.8370656688,0.0728593550,gangue,59df1d0965ae364a8dc80887839a20be5f7a98764098a3afdeedc416721337d1
RAAF-BiPAC-Mamba,42,S6,GEVT_040,gangue,0.1192472936,0.8113517699,0.0694009365,gangue,59df1d0965ae364a8dc80887839a20be5f7a98764098a3afdeedc416721337d1
RAAF-BiPAC-Mamba,42,S6,GEVT_050,gangue,0.0457438793,0.8758055142,0.0784506065,gangue,59df1d0965ae364a8dc80887839a20be5f7a98764098a3afdeedc416721337d1
RAAF-BiPAC-Mamba,42,S6,GEVT_053,gangue,0.0154798996,0.9453131657,0.0392069347,gangue,59df1d0965ae364a8dc80887839a20be5f7a98764098a3afdeedc416721337d1
RAAF-BiPAC-Mamba,42,S6,GEVT_055,gangue,0.5925182462,0.3009253374,0.1065564164,coal,59df1d0965ae364a8dc80887839a20be5f7a98764098a3afdeedc416721337d1
RAAF-BiPAC-Mamba,42,S6,EEVT_002,empty,0.1079944370,0.1258425694,0.7661629935,empty,59df1d0965ae364a8dc80887839a20be5f7a98764098a3afdeedc416721337d1
RAAF-BiPAC-Mamba,42,S6,EEVT_005,empty,0.1587623854,0.0965055532,0.7447320615,empty,59df1d0965ae364a8dc80887839a20be5f7a98764098a3afdeedc416721337d1
RAAF-BiPAC-Mamba,42,S6,EEVT_009,empty,0.0748090652,0.1068802799,0.8183106549,empty,59df1d0965ae364a8dc80887839a20be5f7a98764098a3afdeedc416721337d1
RAAF-BiPAC-Mamba,42,S6,EEVT_017,empty,0.0624663426,0.0768401322,0.8606935252,empty,59df1d0965ae364a8dc80887839a20be5f7a98764098a3afdeedc416721337d1
RAAF-BiPAC-Mamba,42,S6,EEVT_019,empty,0.0232997854,0.0186268337,0.9580733809,empty,59df1d0965ae364a8dc80887839a20be5f7a98764098a3afdeedc416721337d1
RAAF-BiPAC-Mamba,42,S6,EEVT_029,empty,0.0606936778,0.0386687874,0.9006375347,empty,59df1d0965ae364a8dc80887839a20be5f7a98764098a3afdeedc416721337d1
RAAF-BiPAC-Mamba,42,S6,EEVT_033,empty,0.1725809272,0.0951485491,0.7322705237,empty,59df1d0965ae364a8dc80887839a20be5f7a98764098a3afdeedc416721337d1
RAAF-BiPAC-Mamba,42,S6,EEVT_034,empty,0.0778505469,0.0797338524,0.8424156007,empty,59df1d0965ae364a8dc80887839a20be5f7a98764098a3afdeedc416721337d1
RAAF-BiPAC-Mamba,42,S6,EEVT_036,empty,0.1362552647,0.1469809290,0.7167638063,empty,59df1d0965ae364a8dc80887839a20be5f7a98764098a3afdeedc416721337d1
RAAF-BiPAC-Mamba,43,S0,CEVT_006,coal,0.7718462790,0.1483785626,0.0797751584,coal,33ae0d43b916cca42e642a7defc4f91be638906cbe8dfe313c0cbca328e8f3ba
RAAF-BiPAC-Mamba,43,S0,CEVT_018,coal,0.8867821239,0.0547663629,0.0584515132,coal,33ae0d43b916cca42e642a7defc4f91be638906cbe8dfe313c0cbca328e8f3ba
RAAF-BiPAC-Mamba,43,S0,CEVT_021,coal,0.7548139481,0.1209668677,0.1242191842,coal,33ae0d43b916cca42e642a7defc4f91be638906cbe8dfe313c0cbca328e8f3ba
RAAF-BiPAC-Mamba,43,S0,CEVT_025,coal,0.2802346749,0.5461981954,0.1735671297,gangue,33ae0d43b916cca42e642a7defc4f91be638906cbe8dfe313c0cbca328e8f3ba
RAAF-BiPAC-Mamba,43,S0,CEVT_027,coal,0.8036062981,0.0963096150,0.1000840869,coal,33ae0d43b916cca42e642a7defc4f91be638906cbe8dfe313c0cbca328e8f3ba
RAAF-BiPAC-Mamba,43,S0,CEVT_028,coal,0.9010106182,0.0494507641,0.0495386177,coal,33ae0d43b916cca42e642a7defc4f91be638906cbe8dfe313c0cbca328e8f3ba
RAAF-BiPAC-Mamba,43,S0,CEVT_042,coal,0.7119799366,0.1776986911,0.1103213722,coal,33ae0d43b916cca42e642a7defc4f91be638906cbe8dfe313c0cbca328e8f3ba
RAAF-BiPAC-Mamba,43,S0,CEVT_044,coal,0.8656584209,0.0696178055,0.0647237736,coal,33ae0d43b916cca42e642a7defc4f91be638906cbe8dfe313c0cbca328e8f3ba
RAAF-BiPAC-Mamba,43,S0,CEVT_046,coal,0.7898038537,0.1322558845,0.0779402618,coal,33ae0d43b916cca42e642a7defc4f91be638906cbe8dfe313c0cbca328e8f3ba
RAAF-BiPAC-Mamba,43,S0,CEVT_047,coal,0.9335835744,0.0265612697,0.0398551559,coal,33ae0d43b916cca42e642a7defc4f91be638906cbe8dfe313c0cbca328e8f3ba
RAAF-BiPAC-Mamba,43,S0,GEVT_006,gangue,0.0438550503,0.8913181701,0.0648267797,gangue,33ae0d43b916cca42e642a7defc4f91be638906cbe8dfe313c0cbca328e8f3ba
RAAF-BiPAC-Mamba,43,S0,GEVT_007,gangue,0.1518162827,0.7387664663,0.1094172510,gangue,33ae0d43b916cca42e642a7defc4f91be638906cbe8dfe313c0cbca328e8f3ba
RAAF-BiPAC-Mamba,43,S0,GEVT_008,gangue,0.1379645173,0.7273705011,0.1346649816,gangue,33ae0d43b916cca42e642a7defc4f91be638906cbe8dfe313c0cbca328e8f3ba
RAAF-BiPAC-Mamba,43,S0,GEVT_028,gangue,0.1271213475,0.7971439386,0.0757347139,gangue,33ae0d43b916cca42e642a7defc4f91be638906cbe8dfe313c0cbca328e8f3ba
RAAF-BiPAC-Mamba,43,S0,GEVT_037,gangue,0.0677714548,0.8584496890,0.0737788561,gangue,33ae0d43b916cca42e642a7defc4f91be638906cbe8dfe313c0cbca328e8f3ba
RAAF-BiPAC-Mamba,43,S0,GEVT_039,gangue,0.5602357037,0.2842570700,0.1555072263,coal,33ae0d43b916cca42e642a7defc4f91be638906cbe8dfe313c0cbca328e8f3ba
RAAF-BiPAC-Mamba,43,S0,GEVT_042,gangue,0.0395614580,0.9271525524,0.0332859897,gangue,33ae0d43b916cca42e642a7defc4f91be638906cbe8dfe313c0cbca328e8f3ba
RAAF-BiPAC-Mamba,43,S0,GEVT_048,gangue,0.1387361671,0.7547822953,0.1064815376,gangue,33ae0d43b916cca42e642a7defc4f91be638906cbe8dfe313c0cbca328e8f3ba
RAAF-BiPAC-Mamba,43,S0,GEVT_053,gangue,0.1398342021,0.7630819390,0.0970838589,gangue,33ae0d43b916cca42e642a7defc4f91be638906cbe8dfe313c0cbca328e8f3ba
RAAF-BiPAC-Mamba,43,S0,GEVT_054,gangue,0.0601673322,0.8369630321,0.1028696357,gangue,33ae0d43b916cca42e642a7defc4f91be638906cbe8dfe313c0cbca328e8f3ba
RAAF-BiPAC-Mamba,43,S0,GEVT_057,gangue,0.0786415236,0.8642246934,0.0571337831,gangue,33ae0d43b916cca42e642a7defc4f91be638906cbe8dfe313c0cbca328e8f3ba
RAAF-BiPAC-Mamba,43,S0,EEVT_009,empty,0.0424912000,0.0547372694,0.9027715306,empty,33ae0d43b916cca42e642a7defc4f91be638906cbe8dfe313c0cbca328e8f3ba
RAAF-BiPAC-Mamba,43,S0,EEVT_015,empty,0.0455409279,0.0368686963,0.9175903758,empty,33ae0d43b916cca42e642a7defc4f91be638906cbe8dfe313c0cbca328e8f3ba
RAAF-BiPAC-Mamba,43,S0,EEVT_017,empty,0.0999610848,0.0923735620,0.8076653532,empty,33ae0d43b916cca42e642a7defc4f91be638906cbe8dfe313c0cbca328e8f3ba
RAAF-BiPAC-Mamba,43,S0,EEVT_020,empty,0.0917733210,0.0795162401,0.8287104388,empty,33ae0d43b916cca42e642a7defc4f91be638906cbe8dfe313c0cbca328e8f3ba
RAAF-BiPAC-Mamba,43,S0,EEVT_029,empty,0.1546126871,0.1149832447,0.7304040683,empty,33ae0d43b916cca42e642a7defc4f91be638906cbe8dfe313c0cbca328e8f3ba
RAAF-BiPAC-Mamba,43,S0,EEVT_038,empty,0.0363197718,0.0323923494,0.9312878788,empty,33ae0d43b916cca42e642a7defc4f91be638906cbe8dfe313c0cbca328e8f3ba
RAAF-BiPAC-Mamba,43,S0,EEVT_039,empty,0.0662783711,0.1169826464,0.8167389825,empty,33ae0d43b916cca42e642a7defc4f91be638906cbe8dfe313c0cbca328e8f3ba
RAAF-BiPAC-Mamba,43,S0,EEVT_041,empty,0.0970880351,0.0784427793,0.8244691856,empty,33ae0d43b916cca42e642a7defc4f91be638906cbe8dfe313c0cbca328e8f3ba
RAAF-BiPAC-Mamba,43,S0,EEVT_042,empty,0.1213682049,0.1635073446,0.7151244505,empty,33ae0d43b916cca42e642a7defc4f91be638906cbe8dfe313c0cbca328e8f3ba
RAAF-BiPAC-Mamba,43,S1,CEVT_006,coal,0.8116816064,0.1049302230,0.0833881706,coal,33ae0d43b916cca42e642a7defc4f91be638906cbe8dfe313c0cbca328e8f3ba
RAAF-BiPAC-Mamba,43,S1,CEVT_018,coal,0.8023928650,0.0794971604,0.1181099745,coal,33ae0d43b916cca42e642a7defc4f91be638906cbe8dfe313c0cbca328e8f3ba
RAAF-BiPAC-Mamba,43,S1,CEVT_021,coal,0.8919977694,0.0635573996,0.0444448310,coal,33ae0d43b916cca42e642a7defc4f91be638906cbe8dfe313c0cbca328e8f3ba
RAAF-BiPAC-Mamba,43,S1,CEVT_025,coal,0.8121461182,0.0844415973,0.1034122845,coal,33ae0d43b916cca42e642a7defc4f91be638906cbe8dfe313c0cbca328e8f3ba
RAAF-BiPAC-Mamba,43,S1,CEVT_027,coal,0.7576494739,0.1497385274,0.0926119988,coal,33ae0d43b916cca42e642a7defc4f91be638906cbe8dfe313c0cbca328e8f3ba
RAAF-BiPAC-Mamba,43,S1,CEVT_028,coal,0.8911839716,0.0388913905,0.0699246379,coal,33ae0d43b916cca42e642a7defc4f91be638906cbe8dfe313c0cbca328e8f3ba
RAAF-BiPAC-Mamba,43,S1,CEVT_042,coal,0.8082423616,0.0858352237,0.1059224147,coal,33ae0d43b916cca42e642a7defc4f91be638906cbe8dfe313c0cbca328e8f3ba
RAAF-BiPAC-Mamba,43,S1,CEVT_044,coal,0.8805128047,0.0508636015,0.0686235938,coal,33ae0d43b916cca42e642a7defc4f91be638906cbe8dfe313c0cbca328e8f3ba
RAAF-BiPAC-Mamba,43,S1,CEVT_046,coal,0.9228842231,0.0398700310,0.0372457460,coal,33ae0d43b916cca42e642a7defc4f91be638906cbe8dfe313c0cbca328e8f3ba
RAAF-BiPAC-Mamba,43,S1,CEVT_047,coal,0.7452525896,0.1594953755,0.0952520349,coal,33ae0d43b916cca42e642a7defc4f91be638906cbe8dfe313c0cbca328e8f3ba
RAAF-BiPAC-Mamba,43,S1,GEVT_006,gangue,0.0643555668,0.8439089279,0.0917355053,gangue,33ae0d43b916cca42e642a7defc4f91be638906cbe8dfe313c0cbca328e8f3ba
RAAF-BiPAC-Mamba,43,S1,GEVT_007,gangue,0.0876478154,0.7924808678,0.1198713168,gangue,33ae0d43b916cca42e642a7defc4f91be638906cbe8dfe313c0cbca328e8f3ba
RAAF-BiPAC-Mamba,43,S1,GEVT_008,gangue,0.0529691976,0.8526952521,0.0943355502,gangue,33ae0d43b916cca42e642a7defc4f91be638906cbe8dfe313c0cbca328e8f3ba
RAAF-BiPAC-Mamba,43,S1,GEVT_028,gangue,0.0674207918,0.8375349277,0.0950442804,gangue,33ae0d43b916cca42e642a7defc4f91be638906cbe8dfe313c0cbca328e8f3ba
RAAF-BiPAC-Mamba,43,S1,GEVT_037,gangue,0.1577576900,0.7150327075,0.1272096025,gangue,33ae0d43b916cca42e642a7defc4f91be638906cbe8dfe313c0cbca328e8f3ba
RAAF-BiPAC-Mamba,43,S1,GEVT_039,gangue,0.0810134891,0.7860910017,0.1328955091,gangue,33ae0d43b916cca42e642a7defc4f91be638906cbe8dfe313c0cbca328e8f3ba
RAAF-BiPAC-Mamba,43,S1,GEVT_042,gangue,0.4817768917,0.4251838597,0.0930392487,coal,33ae0d43b916cca42e642a7defc4f91be638906cbe8dfe313c0cbca328e8f3ba
RAAF-BiPAC-Mamba,43,S1,GEVT_048,gangue,0.0485908949,0.9034913683,0.0479177368,gangue,33ae0d43b916cca42e642a7defc4f91be638906cbe8dfe313c0cbca328e8f3ba
RAAF-BiPAC-Mamba,43,S1,GEVT_053,gangue,0.0459944298,0.9259183677,0.0280872025,gangue,33ae0d43b916cca42e642a7defc4f91be638906cbe8dfe313c0cbca328e8f3ba
RAAF-BiPAC-Mamba,43,S1,GEVT_054,gangue,0.1370557477,0.7245472140,0.1383970383,gangue,33ae0d43b916cca42e642a7defc4f91be638906cbe8dfe313c0cbca328e8f3ba
RAAF-BiPAC-Mamba,43,S1,GEVT_057,gangue,0.0760949246,0.8364900412,0.0874150343,gangue,33ae0d43b916cca42e642a7defc4f91be638906cbe8dfe313c0cbca328e8f3ba
RAAF-BiPAC-Mamba,43,S1,EEVT_009,empty,0.0297937789,0.0437904487,0.9264157724,empty,33ae0d43b916cca42e642a7defc4f91be638906cbe8dfe313c0cbca328e8f3ba
RAAF-BiPAC-Mamba,43,S1,EEVT_015,empty,0.0761738992,0.1369073308,0.7869187700,empty,33ae0d43b916cca42e642a7defc4f91be638906cbe8dfe313c0cbca328e8f3ba
RAAF-BiPAC-Mamba,43,S1,EEVT_017,empty,0.1228262036,0.1406845321,0.7364892643,empty,33ae0d43b916cca42e642a7defc4f91be638906cbe8dfe313c0cbca328e8f3ba
RAAF-BiPAC-Mamba,43,S1,EEVT_020,empty,0.0840533829,0.1211244704,0.7948221468,empty,33ae0d43b916cca42e642a7defc4f91be638906cbe8dfe313c0cbca328e8f3ba
RAAF-BiPAC-Mamba,43,S1,EEVT_029,empty,0.1015363252,0.0965264457,0.8019372291,empty,33ae0d43b916cca42e642a7defc4f91be638906cbe8dfe313c0cbca328e8f3ba
RAAF-BiPAC-Mamba,43,S1,EEVT_038,empty,0.0194348734,0.0287471315,0.9518179951,empty,33ae0d43b916cca42e642a7defc4f91be638906cbe8dfe313c0cbca328e8f3ba
RAAF-BiPAC-Mamba,43,S1,EEVT_039,empty,0.0741301068,0.0441318907,0.8817380025,empty,33ae0d43b916cca42e642a7defc4f91be638906cbe8dfe313c0cbca328e8f3ba
RAAF-BiPAC-Mamba,43,S1,EEVT_041,empty,0.0326544099,0.0318805613,0.9354650288,empty,33ae0d43b916cca42e642a7defc4f91be638906cbe8dfe313c0cbca328e8f3ba
