model,seed,scenario,event_id,y_true,y_pred,p_coal,p_gangue,p_empty,window_count,split_hash
1D-CNN,42,S0,CEVT_001,coal,coal,0.7098108690,0.1852742021,0.1049149289,18,59df1d0965ae364a8dc80887839a20be5f7a98764098a3afdeedc416721337d1
1D-CNN,42,S0,CEVT_003,coal,gangue,0.3556351832,0.6295182485,0.0148465682,18,59df1d0965ae364a8dc80887839a20be5f7a98764098a3afdeedc416721337d1
1D-CNN,42,S0,CEVT_009,coal,coal,0.6900952037,0.1897429055,0.1201618909,18,59df1d0965ae364a8dc80887839a20be5f7a98764098a3afdeedc416721337d1
1D-CNN,42,S0,CEVT_014,coal,coal,0.9287379191,0.0322393681,0.0390227129,18,59df1d0965ae364a8dc80887839a20be5f7a98764098a3afdeedc416721337d1
1D-CNN,42,S0,CEVT_019,coal,empty,0.3275244959,0.0627734466,0.6097020575,18,59df1d0965ae364a8dc80887839a20be5f7a98764098a3afdeedc416721337d1
1D-CNN,42,S0,CEVT_020,coal,gangue,0.3039067962,0.6264363576,0.0696568462,18,59df1d0965ae364a8dc80887839a20be5f7a98764098a3afdeedc416721337d1
1D-CNN,42,S0,CEVT_024,coal,gangue,0.2507703670,0.4780382357,0.2711913973,18,59df1d0965ae364a8dc80887839a20be5f7a98764098a3afdeedc416721337d1
1D-CNN,42,S0,CEVT_033,coal,coal,0.8736493416,0.0631623349,0.0631883235,18,59df1d0965ae364a8dc80887839a20be5f7a98764098a3afdeedc416721337d1
1D-CNN,42,S0,CEVT_042,coal,coal,0.8310417221,0.0616943870,0.1072638910,18,59df1d0965ae364a8dc80887839a20be5f7a98764098a3afdeedc416721337d1
1D-CNN,42,S0,CEVT_044,coal,coal,0.8794560668,0.0517219030,0.0688220301,18,59df1d0965ae364a8dc80887839a20be5f7a98764098a3afdeedc416721337d1
1D-CNN,42,S0,GEVT_004,gangue,gangue,0.0428863152,0.8884281249,0.0686855599,18,59df1d0965ae364a8dc80887839a20be5f7a98764098a3afdeedc416721337d1
1D-CNN,42,S0,GEVT_013,gangue,gangue,0.1046181994,0.8109238283,0.0844579723,18,59df1d0965ae364a8dc80887839a20be5f7a98764098a3afdeedc416721337d1
1D-CNN,42,S0,GEVT_014,gangue,coal,0.5762269426,0.3419743328,0.0817987246,18,59df1d0965ae364a8dc80887839a20be5f7a98764098a3afdeedc416721337d1
1D-CNN,42,S0,GEVT_019,gangue,gangue,0.1075878560,0.7575597293,0.1348524147,18,59df1d0965ae364a8dc80887839a20be5f7a98764098a3afdeedc416721337d1
1D-CNN,42,S0,GEVT_023,gangue,coal,0.5503357551,0.3446631131,0.1050011318,18,59df1d0965ae364a8dc80887839a20be5f7a98764098a3afdeedc416721337d1
1D-CNN,42,S0,GEVT_027,gangue,gangue,0.0341945507,0.9361879532,0.0296174961,18,59df1d0965ae364a8dc80887839a20be5f7a98764098a3afdeedc416721337d1
1D-CNN,42,S0,GEVT_033,gangue,gangue,0.1417374859,0.6803813356,0.1778811785,18,59df1d0965ae364a8dc80887839a20be5f7a98764098a3afdeedc416721337d1
1D-CNN,42,S0,GEVT_040,gangue,gangue,0.0612137314,0.8849843149,0.0538019538,18,59df1d0965ae364a8dc80887839a20be5f7a98764098a3afdeedc416721337d1
1D-CNN,42,S0,GEVT_050,gangue,gangue,0.0626061042,0.8449167461,0.0924771497,18,59df1d0965ae364a8dc80887839a20be5f7a98764098a3afdeedc416721337d1
1D-CNN,42,S0,GEVT_053,gangue,gangue,0.0854760795,0.8047731234,0.1097507971,18,59df1d0965ae364a8dc80887839a20be5f7a98764098a3afdeedc416721337d1
1D-CNN,42,S0,GEVT_055,gangue,gangue,0.1293507253,0.7568067426,0.1138425321,18,59df1d0965ae364a8dc80887839a20be5f7a98764098a3afdeedc416721337d1
1D-CNN,42,S0,EEVT_002,empty,empty,0.0239642002,0.0290239506,0.9470118492,18,59df1d0965ae364a8dc80887839a20be5f7a98764098a3afdeedc416721337d1
1D-CNN,42,S0,EEVT_005,empty,empty,0.1300563519,0.1388729502,0.7310706979,18,59df1d0965ae364a8dc80887839a20be5f7a98764098a3afdeedc416721337d1
1D-CNN,42,S0,EEVT_009,empty,empty,0.0511497145,0.0765050018,0.8723452837,18,59df1d0965ae364a8dc80887839a20be5f7a98764098a3afdeedc416721337d1
1D-CNN,42,S0,EEVT_017,empty,empty,0.0693324659,0.1036532327,0.8270143014,18,59df1d0965ae364a8dc80887839a20be5f7a98764098a3afdeedc416721337d1
1D-CNN,42,S0,EEVT_019,empty,empty,0.1021250467,0.0676890148,0.8301859385,18,59df1d0965ae364a8dc80887839a20be5f7a98764098a3afdeedc416721337d1
1D-CNN,42,S0,EEVT_029,empty,empty,0.1278071088,0.1397212135,0.7324716777,18,59df1d0965ae364a8dc80887839a20be5f7a98764098a3afdeedc416721337d1
1D-CNN,42,S0,EEVT_033,empty,empty,0.0759221470,0.1031662691,0.8209115839,18,59df1d0965ae364a8dc80887839a20be5f7a98764098a3afdeedc416721337d1
1D-CNN,42,S0,EEVT_034,empty,empty,0.0446329150,0.0782672588,0.8770998262,18,59df1d0965ae364a8dc80887839a20be5f7a98764098a3afdeedc416721337d1
1D-CNN,42,S0,EEVT_036,empty,gangue,0.0896792946,0.6125920591,0.2977286463,18,59df1d0965ae364a8dc80887839a20be5f7a98764098a3afdeedc416721337d1
1D-CNN,42,S1,CEVT_001,coal,gangue,0.3652222631,0.5365696475,0.0982080894,18,59df1d0965ae364a8dc80887839a20be5f7a98764098a3afdeedc416721337d1
1D-CNN,42,S1,CEVT_003,coal,gangue,0.3729602213,0.5127370006,0.1143027781,18,59df1d0965ae364a8dc80887839a20be5f7a98764098a3afdeedc416721337d1
1D-CNN,42,S1,CEVT_009,coal,coal,0.8787303436,0.0781947220,0.0430749344,18,59df1d0965ae364a8dc80887839a20be5f7a98764098a3afdeedc416721337d1
1D-CNN,42,S1,CEVT_014,coal,gangue,0.4072477727,0.5837679919,0.0089842354,18,59df1d0965ae364a8dc80887839a20be5f7a98764098a3afdeedc416721337d1
1D-CNN,42,S1,CEVT_019,coal,coal,0.9122110752,0.0352995480,0.0524893768,18,59df1d0965ae364a8dc80887839a20be5f7a98764098a3afdeedc416721337d1
1D-CNN,42,S1,CEVT_020,coal,coal,0.7705480479,0.0842074072,0.1452445449,18,59df1d0965ae364a8dc80887839a20be5f7a98764098a3afdeedc416721337d1
1D-CNN,42,S1,CEVT_024,coal,coal,0.7124875504,0.1155930892,0.1719193604,18,59df1d0965ae364a8dc80887839a20be5f7a98764098a3afdeedc416721337d1
1D-CNN,42,S1,CEVT_033,coal,coal,0.7383549564,0.1172327983,0.1444122453,18,59df1d0965ae364a8dc80887839a20be5f7a98764098a3afdeedc416721337d1
1D-CNN,42,S1,CEVT_042,coal,coal,0.6857347610,0.1282858084,0.1859794306,18,59df1d0965ae364a8dc80887839a20be5f7a98764098a3afdeedc416721337d1
1D-CNN,42,S1,CEVT_044,coal,coal,0.7452420839,0.1134150310,0.1413428851,18,59df1d0965ae364a8dc80887839a20be5f7a98764098a3afdeedc416721337d1
1D-CNN,42,S1,GEVT_004,gangue,gangue,0.0905285751,0.8337631715,0.0757082534,18,59df1d0965ae364a8dc80887839a20be5f7a98764098a3afdeedc416721337d1
1D-CNN,42,S1,GEVT_013,gangue,gangue,0.0653884637,0.8590613249,0.0755502114,18,59df1d0965ae364a8dc80887839a20be5f7a98764098a3afdeedc416721337d1
1D-CNN,42,S1,GEVT_014,gangue,coal,0.5364822528,0.3690161208,0.0945016264,18,59df1d0965ae364a8dc80887839a20be5f7a98764098a3afdeedc416721337d1
1D-CNN,42,S1,GEVT_019,gangue,gangue,0.1970053419,0.6879309778,0.1150636803,18,59df1d0965ae364a8dc80887839a20be5f7a98764098a3afdeedc416721337d1
1D-CNN,42,S1,GEVT_023,gangue,gangue,0.0798285586,0.7824124385,0.1377590029,18,59df1d0965ae364a8dc80887839a20be5f7a98764098a3afdeedc416721337d1
1D-CNN,42,S1,GEVT_027,gangue,gangue,0.1607448113,0.6826160826,0.1566391062,18,59df1d0965ae364a8dc80887839a20be5f7a98764098a3afdeedc416721337d1
1D-CNN,42,S1,GEVT_033,gangue,coal,0.5195333555,0.3131822334,0.1672844110,18,59df1d0965ae364a8dc80887839a20be5f7a98764098a3afdeedc416721337d1
1D-CNN,42,S1,GEVT_040,gangue,gangue,0.0392245866,0.9133994337,0.0473759797,18,59df1d0965ae364a8dc80887839a20be5f7a98764098a3afdeedc416721337d1
1D-CNN,42,S1,GEVT_050,gangue,gangue,0.1445731385,0.6857038416,0.1697230199,18,59df1d0965ae364a8dc80887839a20be5f7a98764098a3afdeedc416721337d1
1D-CNN,42,S1,GEVT_053,gangue,gangue,0.0572719216,0.8846674694,0.0580606090,18,59df1d0965ae364a8dc80887839a20be5f7a98764098a3afdeedc416721337d1
1D-CNN,42,S1,GEVT_055,gangue,coal,0.6042809870,0.3947651300,0.0009538830,18,59df1d0965ae364a8dc80887839a20be5f7a98764098a3afdeedc416721337d1
1D-CNN,42,S1,EEVT_002,empty,empty,0.0496684175,0.0715700182,0.8787615643,18,59df1d0965ae364a8dc80887839a20be5f7a98764098a3afdeedc416721337d1
1D-CNN,42,S1,EEVT_005,empty,gangue,0.0558655124,0.5770174065,0.3671170810,18,59df1d0965ae364a8dc80887839a20be5f7a98764098a3afdeedc416721337d1
1D-CNN,42,S1,EEVT_009,empty,empty,0.1509308058,0.1577827834,0.6912864108,18,59df1d0965ae364a8dc80887839a20be5f7a98764098a3afdeedc416721337d1
1D-CNN,42,S1,EEVT_017,empty,empty,0.0939456256,0.1403175394,0.7657368350,18,59df1d0965ae364a8dc80887839a20be5f7a98764098a3afdeedc416721337d1
1D-CNN,42,S1,EEVT_019,empty,empty,0.0704969261,0.1162811177,0.8132219562,18,59df1d0965ae364a8dc80887839a20be5f7a98764098a3afdeedc416721337d1
1D-CNN,42,S1,EEVT_029,empty,empty,0.0873167060,0.0615484225,0.8511348715,18,59df1d0965ae364a8dc80887839a20be5f7a98764098a3afdeedc416721337d1
1D-CNN,42,S1,EEVT_033,empty,empty,0.0952458542,0.1109903259,0.7937638198,18,59df1d0965ae364a8dc80887839a20be5f7a98764098a3afdeedc416721337d1
1D-CNN,42,S1,EEVT_034,empty,empty,0.1051581997,0.1166259623,0.7782158380,18,59df1d0965ae364a8dc80887839a20be5f7a98764098a3afdeedc416721337d1
1D-CNN,42,S1,EEVT_036,empty,empty,0.1025020594,0.0649843662,0.8325135744,18,59df1d0965ae364a8dc80887839a20be5f7a98764098a3afdeedc416721337d1
1D-CNN,42,S2,CEVT_001,coal,coal,0.8057505201,0.0969064765,0.0973430034,18,59df1d0965ae364a8dc80887839a20be5f7a98764098a3afdeedc416721337d1
1D-CNN,42,S2,CEVT_003,coal,coal,0.7959083060,0.0928439105,0.1112477836,18,59df1d0965ae364a8dc80887839a20be5f7a98764098a3afdeedc416721337d1
1D-CNN,42,S2,CEVT_009,coal,coal,0.7097585618,0.1327760256,0.1574654127,18,59df1d0965ae364a8dc80887839a20be5f7a98764098a3afdeedc416721337d1
1D-CNN,42,S2,CEVT_014,coal,coal,0.7000442477,0.1421734176,0.1577823347,18,59df1d0965ae364a8dc80887839a20be5f7a98764098a3afdeedc416721337d1
1D-CNN,42,S2,CEVT_019,coal,coal,0.7574420485,0.0864012364,0.1561567150,18,59df1d0965ae364a8dc80887839a20be5f7a98764098a3afdeedc416721337d1
1D-CNN,42,S2,CEVT_020,coal,coal,0.8799681717,0.0673780500,0.0526537784,18,59df1d0965ae364a8dc80887839a20be5f7a98764098a3afdeedc416721337d1
1D-CNN,42,S2,CEVT_024,coal,gangue,0.3905243153,0.5629310614,0.0465446234,18,59df1d0965ae364a8dc80887839a20be5f7a98764098a3afdeedc416721337d1
1D-CNN,42,S2,CEVT_033,coal,coal,0.7464416262,0.1038247237,0.1497336501,18,59df1d0965ae364a8dc80887839a20be5f7a98764098a3afdeedc416721337d1
1D-CNN,42,S2,CEVT_042,coal,coal,0.9198861918,0.0334257265,0.0466880817,18,59df1d0965ae364a8dc80887839a20be5f7a98764098a3afdeedc416721337d1
1D-CNN,42,S2,CEVT_044,coal,coal,0.7528886738,0.1319563781,0.1151549481,18,59df1d0965ae364a8dc80887839a20be5f7a98764098a3afdeedc416721337d1
1D-CNN,42,S2,GEVT_004,gangue,coal,0.6173173257,0.2918899784,0.0907926959,18,59df1d0965ae364a8dc80887839a20be5f7a98764098a3afdeedc416721337d1
1D-CNN,42,S2,GEVT_013,gangue,empty,0.1546745045,0.2570406700,0.5882848255,18,59df1d0965ae364a8dc80887839a20be5f7a98764098a3afdeedc416721337d1
1D-CNN,42,S2,GEVT_014,gangue,gangue,0.1808024464,0.6849925090,0.1342050446,18,59df1d0965ae364a8dc80887839a20be5f7a98764098a3afdeedc416721337d1
1D-CNN,42,S2,GEVT_019,gangue,coal,0.5113337900,0.4050287167,0.0836374933,18,59df1d0965ae364a8dc80887839a20be5f7a98764098a3afdeedc416721337d1
1D-CNN,42,S2,GEVT_023,gangue,gangue,0.1879507088,0.6975900764,0.1144592148,18,59df1d0965ae364a8dc80887839a20be5f7a98764098a3afdeedc416721337d1
1D-CNN,42,S2,GEVT_027,gangue,coal,0.4811162828,0.3326031784,0.1862805388,18,59df1d0965ae364a8dc80887839a20be5f7a98764098a3afdeedc416721337d1
1D-CNN,42,S2,GEVT_033,gangue,gangue,0.1307571826,0.7270209677,0.1422218497,18,59df1d0965ae364a8dc80887839a20be5f7a98764098a3afdeedc416721337d1
1D-CNN,42,S2,GEVT_040,gangue,coal,0.5778450763,0.3605248475,0.0616300762,18,59df1d0965ae364a8dc80887839a20be5f7a98764098a3afdeedc416721337d1
1D-CNN,42,S2,GEVT_050,gangue,gangue,0.0722361072,0.8885188204,0.0392450724,18,59df1d0965ae364a8dc80887839a20be5f7a98764098a3afdeedc416721337d1
1D-CNN,42,S2,GEVT_053,gangue,gangue,0.0441129543,0.8836887337,0.0721983121,18,59df1d0965ae364a8dc80887839a20be5f7a98764098a3afdeedc416721337d1
1D-CNN,42,S2,GEVT_055,gangue,gangue,0.1179451204,0.7113905280,0.1706643516,18,59df1d0965ae364a8dc80887839a20be5f7a98764098a3afdeedc416721337d1
1D-CNN,42,S2,EEVT_002,empty,empty,0.1454469095,0.1664103325,0.6881427580,18,59df1d0965ae364a8dc80887839a20be5f7a98764098a3afdeedc416721337d1
1D-CNN,42,S2,EEVT_005,empty,empty,0.0572981120,0.0560801740,0.8866217140,18,59df1d0965ae364a8dc80887839a20be5f7a98764098a3afdeedc416721337d1
1D-CNN,42,S2,EEVT_009,empty,empty,0.0308904741,0.0413041958,0.9278053301,18,59df1d0965ae364a8dc80887839a20be5f7a98764098a3afdeedc416721337d1
1D-CNN,42,S2,EEVT_017,empty,empty,0.0570553595,0.0369201903,0.9060244503,18,59df1d0965ae364a8dc80887839a20be5f7a98764098a3afdeedc416721337d1
1D-CNN,42,S2,EEVT_019,empty,empty,0.0656333669,0.0601649427,0.8742016904,18,59df1d0965ae364a8dc80887839a20be5f7a98764098a3afdeedc416721337d1
1D-CNN,42,S2,EEVT_029,empty,coal,0.4950348888,0.1654177358,0.3395473754,18,59df1d0965ae364a8dc80887839a20be5f7a98764098a3afdeedc416721337d1
1D-CNN,42,S2,EEVT_033,empty,gangue,0.0977510272,0.6241557949,0.2780931779,18,59df1d0965ae364a8dc80887839a20be5f7a98764098a3afdeedc416721337d1
1D-CNN,42,S2,EEVT_034,empty,empty,0.0633016816,0.0846230033,0.8520753151,18,59df1d0965ae364a8dc80887839a20be5f7a98764098a3afdeedc416721337d1
1D-CNN,42,S2,EEVT_036,empty,empty,0.0294672357,0.0299881774,0.9405445869,18,59df1d0965ae364a8dc80887839a20be5f7a98764098a3afdeedc416721337d1
1D-CNN,42,S3,CEVT_001,coal,coal,0.9447042503,0.0234725993,0.0318231504,18,59df1d0965ae364a8dc80887839a20be5f7a98764098a3afdeedc416721337d1
1D-CNN,42,S3,CEVT_003,coal,coal,0.8243014875,0.0954223087,0.0802762038,18,59df1d0965ae364a8dc80887839a20be5f7a98764098a3afdeedc416721337d1
1D-CNN,42,S3,CEVT_009,coal,coal,0.8650318915,0.0589556181,0.0760124905,18,59df1d0965ae364a8dc80887839a20be5f7a98764098a3afdeedc416721337d1
1D-CNN,42,S3,CEVT_014,coal,coal,0.8595286179,0.0621609789,0.0783104032,18,59df1d0965ae364a8dc80887839a20be5f7a98764098a3afdeedc416721337d1
1D-CNN,42,S3,CEVT_019,coal,coal,0.7720423887,0.1470291416,0.0809284697,18,59df1d0965ae364a8dc80887839a20be5f7a98764098a3afdeedc416721337d1
1D-CNN,42,S3,CEVT_020,coal,gangue,0.3954684181,0.5334854915,0.0710460904,18,59df1d0965ae364a8dc80887839a20be5f7a98764098a3afdeedc416721337d1
1D-CNN,42,S3,CEVT_024,coal,gangue,0.2829780535,0.5912434924,0.1257784541,18,59df1d0965ae364a8dc80887839a20be5f7a98764098a3afdeedc416721337d1
1D-CNN,42,S3,CEVT_033,coal,gangue,0.3712541435,0.5441498498,0.0845960067,18,59df1d0965ae364a8dc80887839a20be5f7a98764098a3afdeedc416721337d1
1D-CNN,42,S3,CEVT_042,coal,coal,0.7049542381,0.1394250961,0.1556206658,18,59df1d0965ae364a8dc80887839a20be5f7a98764098a3afdeedc416721337d1
1D-CNN,42,S3,CEVT_044,coal,coal,0.8588947034,0.0771404696,0.0639648270,18,59df1d0965ae364a8dc80887839a20be5f7a98764098a3afdeedc416721337d1
1D-CNN,42,S3,GEVT_004,gangue,empty,0.1960206260,0.2965950775,0.5073842964,18,59df1d0965ae364a8dc80887839a20be5f7a98764098a3afdeedc416721337d1
1D-CNN,42,S3,GEVT_013,gangue,empty,0.0282921762,0.3456594635,0.6260483603,18,59df1d0965ae364a8dc80887839a20be5f7a98764098a3afdeedc416721337d1
1D-CNN,42,S3,GEVT_014,gangue,gangue,0.0530349115,0.9127488534,0.0342162351,18,59df1d0965ae364a8dc80887839a20be5f7a98764098a3afdeedc416721337d1
1D-CNN,42,S3,GEVT_019,gangue,gangue,0.0903900273,0.8458441530,0.0637658197,18,59df1d0965ae364a8dc80887839a20be5f7a98764098a3afdeedc416721337d1
1D-CNN,42,S3,GEVT_023,gangue,gangue,0.1024011264,0.8049171419,0.0926817317,18,59df1d0965ae364a8dc80887839a20be5f7a98764098a3afdeedc416721337d1
1D-CNN,42,S3,GEVT_027,gangue,gangue,0.1804330224,0.7024877376,0.1170792400,18,59df1d0965ae364a8dc80887839a20be5f7a98764098a3afdeedc416721337d1
1D-CNN,42,S3,GEVT_033,gangue,coal,0.5040996445,0.2650212402,0.2308791153,18,59df1d0965ae364a8dc80887839a20be5f7a98764098a3afdeedc416721337d1
1D-CNN,42,S3,GEVT_040,gangue,gangue,0.0625631747,0.8454646245,0.0919722008,18,59df1d0965ae364a8dc80887839a20be5f7a98764098a3afdeedc416721337d1
1D-CNN,42,S3,GEVT_050,gangue,gangue,0.1155185025,0.7876252823,0.0968562151,18,59df1d0965ae364a8dc80887839a20be5f7a98764098a3afdeedc416721337d1
1D-CNN,42,S3,GEVT_053,gangue,gangue,0.0447296233,0.9274565582,0.0278138185,18,59df1d0965ae364a8dc80887839a20be5f7a98764098a3afdeedc416721337d1
1D-CNN,42,S3,GEVT_055,gangue,gangue,0.0642219074,0.8978314970,0.0379465956,18,59df1d0965ae364a8dc80887839a20be5f7a98764098a3afdeedc416721337d1
1D-CNN,42,S3,EEVT_002,empty,empty,0.0574881273,0.0588307240,0.8836811487,18,59df1d0965ae364a8dc80887839a20be5f7a98764098a3afdeedc416721337d1
1D-CNN,42,S3,EEVT_005,empty,empty,0.0301927998,0.0367443092,0.9330628911,18,59df1d0965ae364a8dc80887839a20be5f7a98764098a3afdeedc416721337d1
1D-CNN,42,S3,EEVT_009,empty,gangue,0.1846442119,0.5407804959,0.2745752921,18,59df1d0965ae364a8dc80887839a20be5f7a98764098a3afdeedc416721337d1
1D-CNN,42,S3,EEVT_017,empty,empty,0.1910979692,0.1153988571,0.6935031737,18,59df1d0965ae364a8dc80887839a20be5f7a98764098a3afdeedc416721337d1
1D-CNN,42,S3,EEVT_019,empty,coal,0.6231442903,0.0066255346,0.3702301752,18,59df1d0965ae364a8dc80887839a20be5f7a98764098a3afdeedc416721337d1
1D-CNN,42,S3,EEVT_029,empty,empty,0.1445330882,0.1417450697,0.7137218421,18,59df1d0965ae364a8dc80887839a20be5f7a98764098a3afdeedc416721337d1
1D-CNN,42,S3,EEVT_033,empty,empty,0.0578972844,0.0709015842,0.8712011314,18,59df1d0965ae364a8dc80887839a20be5f7a98764098a3afdeedc416721337d1
1D-CNN,42,S3,EEVT_034,empty,empty,0.0393911301,0.0248425850,0.9357662849,18,59df1d0965ae364a8dc80887839a20be5f7a98764098a3afdeedc416721337d1
1D-CNN,42,S3,EEVT_036,empty,empty,0.1135264261,0.1063588104,0.7801147636,18,59df1d0965ae364a8dc80887839a20be5f7a98764098a3afdeedc416721337d1
1D-CNN,42,S4,CEVT_001,coal,coal,0.8961475705,0.0464925105,0.0573599190,18,59df1d0965ae364a8dc80887839a20be5f7a98764098a3afdeedc416721337d1
1D-CNN,42,S4,CEVT_003,coal,coal,0.8368005232,0.0771074579,0.0860920188,18,59df1d0965ae364a8dc80887839a20be5f7a98764098a3afdeedc416721337d1
1D-CNN,42,S4,CEVT_009,coal,coal,0.8244838218,0.0903609726,0.0851552055,18,59df1d0965ae364a8dc80887839a20be5f7a98764098a3afdeedc416721337d1
1D-CNN,42,S4,CEVT_014,coal,coal,0.8221113515,0.0637552632,0.1141333853,18,59df1d0965ae364a8dc80887839a20be5f7a98764098a3afdeedc416721337d1
1D-CNN,42,S4,CEVT_019,coal,gangue,0.3147646349,0.5417395168,0.1434958483,18,59df1d0965ae364a8dc80887839a20be5f7a98764098a3afdeedc416721337d1
1D-CNN,42,S4,CEVT_020,coal,gangue,0.2584269131,0.6384615712,0.1031115157,18,59df1d0965ae364a8dc80887839a20be5f7a98764098a3afdeedc416721337d1
1D-CNN,42,S4,CEVT_024,coal,coal,0.9228213546,0.0370138373,0.0401648081,18,59df1d0965ae364a8dc80887839a20be5f7a98764098a3afdeedc416721337d1
1D-CNN,42,S4,CEVT_033,coal,coal,0.7266143346,0.1061873971,0.1671982683,18,59df1d0965ae364a8dc80887839a20be5f7a98764098a3afdeedc416721337d1
1D-CNN,42,S4,CEVT_042,coal,gangue,0.3626334999,0.5176858981,0.1196806020,18,59df1d0965ae364a8dc80887839a20be5f7a98764098a3afdeedc416721337d1
1D-CNN,42,S4,CEVT_044,coal,coal,0.7335344903,0.1285087959,0.1379567138,18,59df1d0965ae364a8dc80887839a20be5f7a98764098a3afdeedc416721337d1
1D-CNN,42,S4,GEVT_004,gangue,gangue,0.1172231267,0.7339416933,0.1488351801,18,59df1d0965ae364a8dc80887839a20be5f7a98764098a3afdeedc416721337d1
1D-CNN,42,S4,GEVT_013,gangue,gangue,0.1085995648,0.7305836760,0.1608167593,18,59df1d0965ae364a8dc80887839a20be5f7a98764098a3afdeedc416721337d1
1D-CNN,42,S4,GEVT_014,gangue,gangue,0.0577949774,0.8800883141,0.0621167085,18,59df1d0965ae364a8dc80887839a20be5f7a98764098a3afdeedc416721337d1
1D-CNN,42,S4,GEVT_019,gangue,gangue,0.1635559520,0.6992159395,0.1372281085,18,59df1d0965ae364a8dc80887839a20be5f7a98764098a3afdeedc416721337d1
1D-CNN,42,S4,GEVT_023,gangue,gangue,0.0560780080,0.9014836407,0.0424383513,18,59df1d0965ae364a8dc80887839a20be5f7a98764098a3afdeedc416721337d1
1D-CNN,42,S4,GEVT_027,gangue,coal,0.5665282509,0.3175189482,0.1159528010,18,59df1d0965ae364a8dc80887839a20be5f7a98764098a3afdeedc416721337d1
1D-CNN,42,S4,GEVT_033,gangue,gangue,0.1426978746,0.7559095836,0.1013925418,18,59df1d0965ae364a8dc80887839a20be5f7a98764098a3afdeedc416721337d1
1D-CNN,42,S4,GEVT_040,gangue,empty,0.0850923279,0.3860323392,0.5288753329,18,59df1d0965ae364a8dc80887839a20be5f7a98764098a3afdeedc416721337d1
1D-CNN,42,S4,GEVT_050,gangue,gangue,0.1470028466,0.7645712644,0.0884258891,18,59df1d0965ae364a8dc80887839a20be5f7a98764098a3afdeedc416721337d1
1D-CNN,42,S4,GEVT_053,gangue,coal,0.4746041094,0.4272398676,0.0981560230,18,59df1d0965ae364a8dc80887839a20be5f7a98764098a3afdeedc416721337d1
1D-CNN,42,S4,GEVT_055,gangue,gangue,0.1536199800,0.7416014177,0.1047786024,18,59df1d0965ae364a8dc80887839a20be5f7a98764098a3afdeedc416721337d1
1D-CNN,42,S4,EEVT_002,empty,gangue,0.1121453222,0.6039853099,0.2838693679,18,59df1d0965ae364a8dc80887839a20be5f7a98764098a3afdeedc416721337d1
1D-CNN,42,S4,EEVT_005,empty,coal,0.6112275840,0.0846061785,0.3041662375,18,59df1d0965ae364a8dc80887839a20be5f7a98764098a3afdeedc416721337d1
1D-CNN,42,S4,EEVT_009,empty,empty,0.0494568278,0.0313942450,0.9191489272,18,59df1d0965ae364a8dc80887839a20be5f7a98764098a3afdeedc416721337d1
1D-CNN,42,S4,EEVT_017,empty,empty,0.0886031389,0.1264700689,0.7849267922,18,59df1d0965ae364a8dc80887839a20be5f7a98764098a3afdeedc416721337d1
1D-CNN,42,S4,EEVT_019,empty,coal,0.4835077285,0.2030973080,0.3133949635,18,59df1d0965ae364a8dc80887839a20be5f7a98764098a3afdeedc416721337d1
1D-CNN,42,S4,EEVT_029,empty,empty,0.1051426536,0.0876820618,0.8071752846,18,59df1d0965ae364a8dc80887839a20be5f7a98764098a3afdeedc416721337d1
1D-CNN,42,S4,EEVT_033,empty,empty,0.1146419594,0.1824663120,0.7028917286,18,59df1d0965ae364a8dc80887839a20be5f7a98764098a3afdeedc416721337d1
1D-CNN,42,S4,EEVT_034,empty,empty,0.0889153876,0.1028757185,0.8082088940,18,59df1d0965ae364a8dc80887839a20be5f7a98764098a3afdeedc416721337d1
1D-CNN,42,S4,EEVT_036,empty,empty,0.1205340905,0.1272874159,0.7521784936,18,59df1d0965ae364a8dc80887839a20be5f7a98764098a3afdeedc416721337d1
1D-CNN,42,S5,CEVT_001,coal,coal,0.7193961266,0.1439477563,0.1366561171,18,59df1d0965ae364a8dc80887839a20be5f7a98764098a3afdeedc416721337d1
1D-CNN,42,S5,CEVT_003,coal,gangue,0.3183780550,0.5385608339,0.1430611111,18,59df1d0965ae364a8dc80887839a20be5f7a98764098a3afdeedc416721337d1
1D-CNN,42,S5,CEVT_009,coal,empty,0.3395628133,0.0561631162,0.6042740705,18,59df1d0965ae364a8dc80887839a20be5f7a98764098a3afdeedc416721337d1
1D-CNN,42,S5,CEVT_014,coal,gangue,0.3646051650,0.4924511193,0.1429437156,18,59df1d0965ae364a8dc80887839a20be5f7a98764098a3afdeedc416721337d1
1D-CNN,42,S5,CEVT_019,coal,coal,0.8210688957,0.1142156851,0.0647154193,18,59df1d0965ae364a8dc80887839a20be5f7a98764098a3afdeedc416721337d1
1D-CNN,42,S5,CEVT_020,coal,coal,0.8526761944,0.0610566041,0.0862672015,18,59df1d0965ae364a8dc80887839a20be5f7a98764098a3afdeedc416721337d1
1D-CNN,42,S5,CEVT_024,coal,coal,0.8331110318,0.0607135369,0.1061754313,18,59df1d0965ae364a8dc80887839a20be5f7a98764098a3afdeedc416721337d1
1D-CNN,42,S5,CEVT_033,coal,coal,0.7201556421,0.1570389999,0.1228053580,18,59df1d0965ae364a8dc80887839a20be5f7a98764098a3afdeedc416721337d1
1D-CNN,42,S5,CEVT_042,coal,coal,0.8531991614,0.0660595810,0.0807412576,18,59df1d0965ae364a8dc80887839a20be5f7a98764098a3afdeedc416721337d1
1D-CNN,42,S5,CEVT_044,coal,coal,0.8837544918,0.0731020312,0.0431434770,18,59df1d0965ae364a8dc80887839a20be5f7a98764098a3afdeedc416721337d1
1D-CNN,42,S5,GEVT_004,gangue,coal,0.6267211908,0.3031230118,0.0701557973,18,59df1d0965ae364a8dc80887839a20be5f7a98764098a3afdeedc416721337d1
1D-CNN,42,S5,GEVT_013,gangue,gangue,0.0846880972,0.7750636332,0.1402482696,18,59df1d0965ae364a8dc80887839a20be5f7a98764098a3afdeedc416721337d1
1D-CNN,42,S5,GEVT_014,gangue,gangue,0.0901115374,0.7643459602,0.1455425024,18,59df1d0965ae364a8dc80887839a20be5f7a98764098a3afdeedc416721337d1
1D-CNN,42,S5,GEVT_019,gangue,gangue,0.0801495929,0.8621001382,0.0577502689,18,59df1d0965ae364a8dc80887839a20be5f7a98764098a3afdeedc416721337d1
1D-CNN,42,S5,GEVT_023,gangue,gangue,0.1925399073,0.7026936498,0.1047664430,18,59df1d0965ae364a8dc80887839a20be5f7a98764098a3afdeedc416721337d1
1D-CNN,42,S5,GEVT_027,gangue,gangue,0.0608925669,0.8625934934,0.0765139397,18,59df1d0965ae364a8dc80887839a20be5f7a98764098a3afdeedc416721337d1
1D-CNN,42,S5,GEVT_033,gangue,empty,0.0510652352,0.3179416510,0.6309931138,18,59df1d0965ae364a8dc80887839a20be5f7a98764098a3afdeedc416721337d1
1D-CNN,42,S5,GEVT_040,gangue,gangue,0.0768864020,0.7852150374,0.1378985606,18,59df1d0965ae364a8dc80887839a20be5f7a98764098a3afdeedc416721337d1
1D-CNN,42,S5,GEVT_050,gangue,gangue,0.0374284912,0.9383804454,0.0241910634,18,59df1d0965ae364a8dc80887839a20be5f7a98764098a3afdeedc416721337d1
1D-CNN,42,S5,GEVT_053,gangue,gangue,0.0267036666,0.9304626689,0.0428336645,18,59df1d0965ae364a8dc80887839a20be5f7a98764098a3afdeedc416721337d1
1D-CNN,42,S5,GEVT_055,gangue,gangue,0.0855181780,0.8062222937,0.1082595283,18,59df1d0965ae364a8dc80887839a20be5f7a98764098a3afdeedc416721337d1
1D-CNN,42,S5,EEVT_002,empty,empty,0.0524128522,0.0383750469,0.9092121009,18,59df1d0965ae364a8dc80887839a20be5f7a98764098a3afdeedc416721337d1
1D-CNN,42,S5,EEVT_005,empty,empty,0.0908837676,0.1287670774,0.7803491549,18,59df1d0965ae364a8dc80887839a20be5f7a98764098a3afdeedc416721337d1
1D-CNN,42,S5,EEVT_009,empty,coal,0.5126765714,0.0762264279,0.4110970007,18,59df1d0965ae364a8dc80887839a20be5f7a98764098a3afdeedc416721337d1
1D-CNN,42,S5,EEVT_017,empty,empty,0.0520758497,0.0712976468,0.8766265035,18,59df1d0965ae364a8dc80887839a20be5f7a98764098a3afdeedc416721337d1
1D-CNN,42,S5,EEVT_019,empty,empty,0.0575734738,0.0817061262,0.8607204000,18,59df1d0965ae364a8dc80887839a20be5f7a98764098a3afdeedc416721337d1
1D-CNN,42,S5,EEVT_029,empty,coal,0.5138618195,0.1717047532,0.3144334274,18,59df1d0965ae364a8dc80887839a20be5f7a98764098a3afdeedc416721337d1
1D-CNN,42,S5,EEVT_033,empty,empty,0.0813544616,0.1199622199,0.7986833185,18,59df1d0965ae364a8dc80887839a20be5f7a98764098a3afdeedc416721337d1
1D-CNN,42,S5,EEVT_034,empty,gangue,0.0183250417,0.6341859497,0.3474890086,18,59df1d0965ae364a8dc80887839a20be5f7a98764098a3afdeedc416721337d1
1D-CNN,42,S5,EEVT_036,empty,coal,0.5064437224,0.1704992118,0.3230570657,18,59df1d0965ae364a8dc80887839a20be5f7a98764098a3afdeedc416721337d1
1D-CNN,42,S6,CEVT_001,coal,coal,0.8570987494,0.0518187313,0.0910825193,18,59df1d0965ae364a8dc80887839a20be5f7a98764098a3afdeedc416721337d1
1D-CNN,42,S6,CEVT_003,coal,gangue,0.2813783173,0.5886426908,0.1299789919,18,59df1d0965ae364a8dc80887839a20be5f7a98764098a3afdeedc416721337d1
1D-CNN,42,S6,CEVT_009,coal,coal,0.7860200266,0.1354499143,0.0785300591,18,59df1d0965ae364a8dc80887839a20be5f7a98764098a3afdeedc416721337d1
1D-CNN,42,S6,CEVT_014,coal,empty,0.3932798490,0.0085000393,0.5982201117,18,59df1d0965ae364a8dc80887839a20be5f7a98764098a3afdeedc416721337d1
1D-CNN,42,S6,CEVT_019,coal,coal,0.8693546867,0.0746298519,0.0560154614,18,59df1d0965ae364a8dc80887839a20be5f7a98764098a3afdeedc416721337d1
1D-CNN,42,S6,CEVT_020,coal,gangue,0.3345992376,0.5106975764,0.1547031860,18,59df1d0965ae364a8dc80887839a20be5f7a98764098a3afdeedc416721337d1
1D-CNN,42,S6,CEVT_024,coal,coal,0.8152602139,0.1199137522,0.0648260339,18,59df1d0965ae364a8dc80887839a20be5f7a98764098a3afdeedc416721337d1
1D-CNN,42,S6,CEVT_033,coal,coal,0.8742415240,0.0603797609,0.0653787151,18,59df1d0965ae364a8dc80887839a20be5f7a98764098a3afdeedc416721337d1
1D-CNN,42,S6,CEVT_042,coal,gangue,0.2646380613,0.5388823548,0.1964795839,18,59df1d0965ae364a8dc80887839a20be5f7a98764098a3afdeedc416721337d1
1D-CNN,42,S6,CEVT_044,coal,gangue,0.3764356179,0.6225789890,0.0009853931,18,59df1d0965ae364a8dc80887839a20be5f7a98764098a3afdeedc416721337d1
1D-CNN,42,S6,GEVT_004,gangue,gangue,0.1042308329,0.7637553095,0.1320138576,18,59df1d0965ae364a8dc80887839a20be5f7a98764098a3afdeedc416721337d1
1D-CNN,42,S6,GEVT_013,gangue,gangue,0.0923262447,0.7878023494,0.1198714060,18,59df1d0965ae364a8dc80887839a20be5f7a98764098a3afdeedc416721337d1
1D-CNN,42,S6,GEVT_014,gangue,gangue,0.0193014164,0.9493035011,0.0313950825,18,59df1d0965ae364a8dc80887839a20be5f7a98764098a3afdeedc416721337d1
1D-CNN,42,S6,GEVT_019,gangue,gangue,0.0507680754,0.9210785433,0.0281533813,18,59df1d0965ae364a8dc80887839a20be5f7a98764098a3afdeedc416721337d1
1D-CNN,42,S6,GEVT_023,gangue,coal,0.5073759079,0.2689745009,0.2236495911,18,59df1d0965ae364a8dc80887839a20be5f7a98764098a3afdeedc416721337d1
1D-CNN,42,S6,GEVT_027,gangue,gangue,0.1136125560,0.8194234400,0.0669640041,18,59df1d0965ae364a8dc80887839a20be5f7a98764098a3afdeedc416721337d1
1D-CNN,42,S6,GEVT_033,gangue,gangue,0.0620586097,0.8270374514,0.1109039389,18,59df1d0965ae364a8dc80887839a20be5f7a98764098a3afdeedc416721337d1
1D-CNN,42,S6,GEVT_040,gangue,gangue,0.0469119988,0.9120211801,0.0410668211,18,59df1d0965ae364a8dc80887839a20be5f7a98764098a3afdeedc416721337d1
1D-CNN,42,S6,GEVT_050,gangue,gangue,0.1655055220,0.7234558668,0.1110386111,18,59df1d0965ae364a8dc80887839a20be5f7a98764098a3afdeedc416721337d1
1D-CNN,42,S6,GEVT_053,gangue,coal,0.5840560952,0.3767095630,0.0392343418,18,59df1d0965ae364a8dc80887839a20be5f7a98764098a3afdeedc416721337d1
1D-CNN,42,S6,GEVT_055,gangue,gangue,0.0417118449,0.8811174405,0.0771707146,18,59df1d0965ae364a8dc80887839a20be5f7a98764098a3afdeedc416721337d1
1D-CNN,42,S6,EEVT_002,empty,empty,0.0890051288,0.1152714356,0.7957234356,18,59df1d0965ae364a8dc80887839a20be5f7a98764098a3afdeedc416721337d1
1D-CNN,42,S6,EEVT_005,empty,gangue,0.2212218186,0.5143501316,0.2644280498,18,59df1d0965ae364a8dc80887839a20be5f7a98764098a3afdeedc416721337d1
1D-CNN,42,S6,EEVT_009,empty,empty,0.0368601833,0.0337360760,0.9294037407,18,59df1d0965ae364a8dc80887839a20be5f7a98764098a3afdeedc416721337d1
1D-CNN,42,S6,EEVT_017,empty,coal,0.5011396905,0.1979418815,0.3009184280,18,59df1d0965ae364a8dc80887839a20be5f7a98764098a3afdeedc416721337d1
1D-CNN,42,S6,EEVT_019,empty,empty,0.0639463405,0.0390846645,0.8969689949,18,59df1d0965ae364a8dc80887839a20be5f7a98764098a3afdeedc416721337d1
1D-CNN,42,S6,EEVT_029,empty,empty,0.1493737721,0.1436786170,0.7069476109,18,59df1d0965ae364a8dc80887839a20be5f7a98764098a3afdeedc416721337d1
1D-CNN,42,S6,EEVT_033,empty,empty,0.1077509254,0.1706648897,0.7215841849,18,59df1d0965ae364a8dc80887839a20be5f7a98764098a3afdeedc416721337d1
1D-CNN,42,S6,EEVT_034,empty,gangue,0.0754830763,0.6314986958,0.2930182279,18,59df1d0965ae364a8dc80887839a20be5f7a98764098a3afdeedc416721337d1
1D-CNN,42,S6,EEVT_036,empty,empty,0.1445144150,0.1393682460,0.7161173390,18,59df1d0965ae364a8dc80887839a20be5f7a98764098a3afdeedc416721337d1
1D-CNN,43,S0,CEVT_006,coal,coal,0.7155577816,0.1589048178,0.1255374005,18,33ae0d43b916cca42e642a7defc4f91be638906cbe8dfe313c0cbca328e8f3ba
1D-CNN,43,S0,CEVT_018,coal,coal,0.7178273668,0.1790644665,0.1031081667,18,33ae0d43b916cca42e642a7defc4f91be638906cbe8dfe313c0cbca328e8f3ba
1D-CNN,43,S0,CEVT_021,coal,coal,0.8981507974,0.0412937413,0.0605554613,18,33ae0d43b916cca42e642a7defc4f91be638906cbe8dfe313c0cbca328e8f3ba
1D-CNN,43,S0,CEVT_025,coal,gangue,0.2869156859,0.6040236054,0.1090607087,18,33ae0d43b916cca42e642a7defc4f91be638906cbe8dfe313c0cbca328e8f3ba
1D-CNN,43,S0,CEVT_027,coal,gangue,0.3814295833,0.5493895875,0.0691808292,18,33ae0d43b916cca42e642a7defc4f91be638906cbe8dfe313c0cbca328e8f3ba
1D-CNN,43,S0,CEVT_028,coal,coal,0.8478830453,0.0858430468,0.0662739079,18,33ae0d43b916cca42e642a7defc4f91be638906cbe8dfe313c0cbca328e8f3ba
1D-CNN,43,S0,CEVT_042,coal,gangue,0.3590770528,0.5147338567,0.1261890905,18,33ae0d43b916cca42e642a7defc4f91be638906cbe8dfe313c0cbca328e8f3ba
1D-CNN,43,S0,CEVT_044,coal,coal,0.8393572604,0.0633209586,0.0973217810,18,33ae0d43b916cca42e642a7defc4f91be638906cbe8dfe313c0cbca328e8f3ba
1D-CNN,43,S0,CEVT_046,coal,gangue,0.4010664824,0.5979527252,0.0009807923,18,33ae0d43b916cca42e642a7defc4f91be638906cbe8dfe313c0cbca328e8f3ba
1D-CNN,43,S0,CEVT_047,coal,coal,0.8143481818,0.0712277951,0.1144240231,18,33ae0d43b916cca42e642a7defc4f91be638906cbe8dfe313c0cbca328e8f3ba
1D-CNN,43,S0,GEVT_006,gangue,gangue,0.1112145106,0.7641815586,0.1246039308,18,33ae0d43b916cca42e642a7defc4f91be638906cbe8dfe313c0cbca328e8f3ba
1D-CNN,43,S0,GEVT_007,gangue,gangue,0.0386202332,0.9290884550,0.0322913118,18,33ae0d43b916cca42e642a7defc4f91be638906cbe8dfe313c0cbca328e8f3ba
1D-CNN,43,S0,GEVT_008,gangue,gangue,0.1254007360,0.7089692033,0.1656300607,18,33ae0d43b916cca42e642a7defc4f91be638906cbe8dfe313c0cbca328e8f3ba
1D-CNN,43,S0,GEVT_028,gangue,gangue,0.1767168065,0.7041341714,0.1191490222,18,33ae0d43b916cca42e642a7defc4f91be638906cbe8dfe313c0cbca328e8f3ba
1D-CNN,43,S0,GEVT_037,gangue,gangue,0.0657022479,0.8751668554,0.0591308967,18,33ae0d43b916cca42e642a7defc4f91be638906cbe8dfe313c0cbca328e8f3ba
1D-CNN,43,S0,GEVT_039,gangue,gangue,0.0601449154,0.9022950859,0.0375599987,18,33ae0d43b916cca42e642a7defc4f91be638906cbe8dfe313c0cbca328e8f3ba
1D-CNN,43,S0,GEVT_042,gangue,coal,0.6304674505,0.2962450233,0.0732875262,18,33ae0d43b916cca42e642a7defc4f91be638906cbe8dfe313c0cbca328e8f3ba
1D-CNN,43,S0,GEVT_048,gangue,coal,0.6057629582,0.2828482742,0.1113887676,18,33ae0d43b916cca42e642a7defc4f91be638906cbe8dfe313c0cbca328e8f3ba
1D-CNN,43,S0,GEVT_053,gangue,gangue,0.0592511104,0.8974979590,0.0432509306,18,33ae0d43b916cca42e642a7defc4f91be638906cbe8dfe313c0cbca328e8f3ba
1D-CNN,43,S0,GEVT_054,gangue,gangue,0.1286529713,0.7174343115,0.1539127172,18,33ae0d43b916cca42e642a7defc4f91be638906cbe8dfe313c0cbca328e8f3ba
1D-CNN,43,S0,GEVT_057,gangue,gangue,0.1216060694,0.7937001645,0.0846937661,18,33ae0d43b916cca42e642a7defc4f91be638906cbe8dfe313c0cbca328e8f3ba
1D-CNN,43,S0,EEVT_009,empty,empty,0.1049815567,0.1076603170,0.7873581262,18,33ae0d43b916cca42e642a7defc4f91be638906cbe8dfe313c0cbca328e8f3ba
1D-CNN,43,S0,EEVT_015,empty,empty,0.0883319531,0.1299447531,0.7817232939,18,33ae0d43b916cca42e642a7defc4f91be638906cbe8dfe313c0cbca328e8f3ba
1D-CNN,43,S0,EEVT_017,empty,empty,0.0319969624,0.0518839730,0.9161190646,18,33ae0d43b916cca42e642a7defc4f91be638906cbe8dfe313c0cbca328e8f3ba
1D-CNN,43,S0,EEVT_020,empty,empty,0.0531962728,0.0539268691,0.8928768581,18,33ae0d43b916cca42e642a7defc4f91be638906cbe8dfe313c0cbca328e8f3ba
1D-CNN,43,S0,EEVT_029,empty,empty,0.0692473617,0.1138688164,0.8168838219,18,33ae0d43b916cca42e642a7defc4f91be638906cbe8dfe313c0cbca328e8f3ba
1D-CNN,43,S0,EEVT_038,empty,coal,0.6009445453,0.0306171773,0.3684382775,18,33ae0d43b916cca42e642a7defc4f91be638906cbe8dfe313c0cbca328e8f3ba
1D-CNN,43,S0,EEVT_039,empty,empty,0.0448334578,0.0645858173,0.8905807250,18,33ae0d43b916cca42e642a7defc4f91be638906cbe8dfe313c0cbca328e8f3ba
1D-CNN,43,S0,EEVT_041,empty,empty,0.1102903436,0.1545069464,0.7352027099,18,33ae0d43b916cca42e642a7defc4f91be638906cbe8dfe313c0cbca328e8f3ba
1D-CNN,43,S0,EEVT_042,empty,empty,0.0402647206,0.0405461718,0.9191891077,18,33ae0d43b916cca42e642a7defc4f91be638906cbe8dfe313c0cbca328e8f3ba
1D-CNN,43,S1,CEVT_006,coal,coal,0.9202241582,0.0425730583,0.0372027835,18,33ae0d43b916cca42e642a7defc4f91be638906cbe8dfe313c0cbca328e8f3ba
1D-CNN,43,S1,CEVT_018,coal,coal,0.7708094826,0.0977965164,0.1313940010,18,33ae0d43b916cca42e642a7defc4f91be638906cbe8dfe313c0cbca328e8f3ba
1D-CNN,43,S1,CEVT_021,coal,coal,0.7638777713,0.0880355287,0.1480867000,18,33ae0d43b916cca42e642a7defc4f91be638906cbe8dfe313c0cbca328e8f3ba
1D-CNN,43,S1,CEVT_025,coal,gangue,0.4097611561,0.5694399169,0.0207989269,18,33ae0d43b916cca42e642a7defc4f91be638906cbe8dfe313c0cbca328e8f3ba
1D-CNN,43,S1,CEVT_027,coal,coal,0.8533414799,0.0600139198,0.0866446003,18,33ae0d43b916cca42e642a7defc4f91be638906cbe8dfe313c0cbca328e8f3ba
1D-CNN,43,S1,CEVT_028,coal,gangue,0.3681609855,0.5813095201,0.0505294944,18,33ae0d43b916cca42e642a7defc4f91be638906cbe8dfe313c0cbca328e8f3ba
1D-CNN,43,S1,CEVT_042,coal,coal,0.9435381916,0.0350680007,0.0213938077,18,33ae0d43b916cca42e642a7defc4f91be638906cbe8dfe313c0cbca328e8f3ba
1D-CNN,43,S1,CEVT_044,coal,gangue,0.3733171190,0.4728962520,0.1537866290,18,33ae0d43b916cca42e642a7defc4f91be638906cbe8dfe313c0cbca328e8f3ba
1D-CNN,43,S1,CEVT_046,coal,coal,0.8995244610,0.0448825200,0.0555930189,18,33ae0d43b916cca42e642a7defc4f91be638906cbe8dfe313c0cbca328e8f3ba
1D-CNN,43,S1,CEVT_047,coal,coal,0.9425266298,0.0372225836,0.0202507865,18,33ae0d43b916cca42e642a7defc4f91be638906cbe8dfe313c0cbca328e8f3ba
1D-CNN,43,S1,GEVT_006,gangue,gangue,0.0388572593,0.9325518071,0.0285909336,18,33ae0d43b916cca42e642a7defc4f91be638906cbe8dfe313c0cbca328e8f3ba
1D-CNN,43,S1,GEVT_007,gangue,gangue,0.0657384110,0.8885765759,0.0456850131,18,33ae0d43b916cca42e642a7defc4f91be638906cbe8dfe313c0cbca328e8f3ba
1D-CNN,43,S1,GEVT_008,gangue,gangue,0.1205112147,0.6838852701,0.1956035151,18,33ae0d43b916cca42e642a7defc4f91be638906cbe8dfe313c0cbca328e8f3ba
1D-CNN,43,S1,GEVT_028,gangue,empty,0.0094261017,0.3918031402,0.5987707581,18,33ae0d43b916cca42e642a7defc4f91be638906cbe8dfe313c0cbca328e8f3ba
1D-CNN,43,S1,GEVT_037,gangue,gangue,0.0740832455,0.7889239395,0.1369928150,18,33ae0d43b916cca42e642a7defc4f91be638906cbe8dfe313c0cbca328e8f3ba
1D-CNN,43,S1,GEVT_039,gangue,coal,0.6289971656,0.3700066484,0.0009961861,18,33ae0d43b916cca42e642a7defc4f91be638906cbe8dfe313c0cbca328e8f3ba
1D-CNN,43,S1,GEVT_042,gangue,gangue,0.0918885889,0.7409233819,0.1671880293,18,33ae0d43b916cca42e642a7defc4f91be638906cbe8dfe313c0cbca328e8f3ba
1D-CNN,43,S1,GEVT_048,gangue,coal,0.6073027399,0.2909206649,0.1017765952,18,33ae0d43b916cca42e642a7defc4f91be638906cbe8dfe313c0cbca328e8f3ba
1D-CNN,43,S1,GEVT_053,gangue,gangue,0.1458062262,0.7298324125,0.1243613613,18,33ae0d43b916cca42e642a7defc4f91be638906cbe8dfe313c0cbca328e8f3ba
1D-CNN,43,S1,GEVT_054,gangue,gangue,0.0798510889,0.7921740872,0.1279748239,18,33ae0d43b916cca42e642a7defc4f91be638906cbe8dfe313c0cbca328e8f3ba
1D-CNN,43,S1,GEVT_057,gangue,gangue,0.1357332650,0.6890259617,0.1752407732,18,33ae0d43b916cca42e642a7defc4f91be638906cbe8dfe313c0cbca328e8f3ba
1D-CNN,43,S1,EEVT_009,empty,empty,0.1603506989,0.1225929984,0.7170563027,18,33ae0d43b916cca42e642a7defc4f91be638906cbe8dfe313c0cbca328e8f3ba
1D-CNN,43,S1,EEVT_015,empty,empty,0.1236248447,0.0968625398,0.7795126155,18,33ae0d43b916cca42e642a7defc4f91be638906cbe8dfe313c0cbca328e8f3ba
1D-CNN,43,S1,EEVT_017,empty,empty,0.1444901388,0.1150816470,0.7404282142,18,33ae0d43b916cca42e642a7defc4f91be638906cbe8dfe313c0cbca328e8f3ba
1D-CNN,43,S1,EEVT_020,empty,empty,0.1143685965,0.0935093560,0.7921220476,18,33ae0d43b916cca42e642a7defc4f91be638906cbe8dfe313c0cbca328e8f3ba
1D-CNN,43,S1,EEVT_029,empty,coal,0.5861457206,0.0867084513,0.3271458282,18,33ae0d43b916cca42e642a7defc4f91be638906cbe8dfe313c0cbca328e8f3ba
1D-CNN,43,S1,EEVT_038,empty,empty,0.0698731502,0.0533830629,0.8767437868,18,33ae0d43b916cca42e642a7defc4f91be638906cbe8dfe313c0cbca328e8f3ba
1D-CNN,43,S1,EEVT_039,empty,coal,0.5329317533,0.1605985083,0.3064697383,18,33ae0d43b916cca42e642a7defc4f91be638906cbe8dfe313c0cbca328e8f3ba
1D-CNN,43,S1,EEVT_041,empty,empty,0.0559214027,0.0394152070,0.9046633903,18,33ae0d43b916cca42e642a7defc4f91be638906cbe8dfe313c0cbca328e8f3ba
1D-CNN,43,S1,EEVT_042,empty,empty,0.0648191483,0.0409289421,0.8942519096,18,33ae0d43b916cca42e642a7defc4f91be638906cbe8dfe313c0cbca328e8f3ba
1D-CNN,43,S2,CEVT_006,coal,coal,0.8052864699,0.1250371837,0.0696763464,18,33ae0d43b916cca42e642a7defc4f91be638906cbe8dfe313c0cbca328e8f3ba
1D-CNN,43,S2,CEVT_018,coal,coal,0.7512397238,0.1509613084,0.0977989678,18,33ae0d43b916cca42e642a7defc4f91be638906cbe8dfe313c0cbca328e8f3ba
1D-CNN,43,S2,CEVT_021,coal,coal,0.9310538847,0.0244033945,0.0445427208,18,33ae0d43b916cca42e642a7defc4f91be638906cbe8dfe313c0cbca328e8f3ba
1D-CNN,43,S2,CEVT_025,coal,coal,0.8628332039,0.0729251664,0.0642416296,18,33ae0d43b916cca42e642a7defc4f91be638906cbe8dfe313c0cbca328e8f3ba
1D-CNN,43,S2,CEVT_027,coal,empty,0.2557390676,0.1499409021,0.5943200304,18,33ae0d43b916cca42e642a7defc4f91be638906cbe8dfe313c0cbca328e8f3ba
1D-CNN,43,S2,CEVT_028,coal,coal,0.8206159314,0.0792989522,0.1000851164,18,33ae0d43b916cca42e642a7defc4f91be638906cbe8dfe313c0cbca328e8f3ba
1D-CNN,43,S2,CEVT_042,coal,coal,0.7324543276,0.1611129827,0.1064326897,18,33ae0d43b916cca42e642a7defc4f91be638906cbe8dfe313c0cbca328e8f3ba
1D-CNN,43,S2,CEVT_044,coal,coal,0.7138849871,0.1305184169,0.1555965960,18,33ae0d43b916cca42e642a7defc4f91be638906cbe8dfe313c0cbca328e8f3ba
1D-CNN,43,S2,CEVT_046,coal,coal,0.8409046227,0.0577895744,0.1013058030,18,33ae0d43b916cca42e642a7defc4f91be638906cbe8dfe313c0cbca328e8f3ba
1D-CNN,43,S2,CEVT_047,coal,coal,0.7278009764,0.1081314530,0.1640675706,18,33ae0d43b916cca42e642a7defc4f91be638906cbe8dfe313c0cbca328e8f3ba
1D-CNN,43,S2,GEVT_006,gangue,gangue,0.1178989173,0.7891826419,0.0929184408,18,33ae0d43b916cca42e642a7defc4f91be638906cbe8dfe313c0cbca328e8f3ba
1D-CNN,43,S2,GEVT_007,gangue,coal,0.5620366832,0.3747561293,0.0632071875,18,33ae0d43b916cca42e642a7defc4f91be638906cbe8dfe313c0cbca328e8f3ba
