variant,seed,scenario,event_id,y_true,y_pred,p_coal,p_gangue,p_empty,window_count,split_hash
1D-CNN+DANN,42,S0,CEVT_001,coal,coal,0.7543093951,0.1458411931,0.0998494118,18,59df1d0965ae364a8dc80887839a20be5f7a98764098a3afdeedc416721337d1
1D-CNN+DANN,42,S0,CEVT_003,coal,coal,0.9477375145,0.0217193421,0.0305431435,18,59df1d0965ae364a8dc80887839a20be5f7a98764098a3afdeedc416721337d1
1D-CNN+DANN,42,S0,CEVT_009,coal,gangue,0.4174468003,0.5555310661,0.0270221335,18,59df1d0965ae364a8dc80887839a20be5f7a98764098a3afdeedc416721337d1
1D-CNN+DANN,42,S0,CEVT_014,coal,coal,0.7174615337,0.1176250698,0.1649133965,18,59df1d0965ae364a8dc80887839a20be5f7a98764098a3afdeedc416721337d1
1D-CNN+DANN,42,S0,CEVT_019,coal,coal,0.7425111672,0.1231300232,0.1343588096,18,59df1d0965ae364a8dc80887839a20be5f7a98764098a3afdeedc416721337d1
1D-CNN+DANN,42,S0,CEVT_020,coal,coal,0.7857104138,0.0740403168,0.1402492694,18,59df1d0965ae364a8dc80887839a20be5f7a98764098a3afdeedc416721337d1
1D-CNN+DANN,42,S0,CEVT_024,coal,gangue,0.3579159454,0.5691844894,0.0728995652,18,59df1d0965ae364a8dc80887839a20be5f7a98764098a3afdeedc416721337d1
1D-CNN+DANN,42,S0,CEVT_033,coal,gangue,0.3691552519,0.6037827302,0.0270620179,18,59df1d0965ae364a8dc80887839a20be5f7a98764098a3afdeedc416721337d1
1D-CNN+DANN,42,S0,CEVT_042,coal,coal,0.8601745792,0.0567165525,0.0831088683,18,59df1d0965ae364a8dc80887839a20be5f7a98764098a3afdeedc416721337d1
1D-CNN+DANN,42,S0,CEVT_044,coal,coal,0.7084688583,0.1885518515,0.1029792902,18,59df1d0965ae364a8dc80887839a20be5f7a98764098a3afdeedc416721337d1
1D-CNN+DANN,42,S0,GEVT_004,gangue,gangue,0.1057692237,0.8337174856,0.0605132907,18,59df1d0965ae364a8dc80887839a20be5f7a98764098a3afdeedc416721337d1
1D-CNN+DANN,42,S0,GEVT_013,gangue,coal,0.5503794221,0.3346402722,0.1149803057,18,59df1d0965ae364a8dc80887839a20be5f7a98764098a3afdeedc416721337d1
1D-CNN+DANN,42,S0,GEVT_014,gangue,gangue,0.0176646785,0.9511155726,0.0312197490,18,59df1d0965ae364a8dc80887839a20be5f7a98764098a3afdeedc416721337d1
1D-CNN+DANN,42,S0,GEVT_019,gangue,gangue,0.0969627463,0.7791316509,0.1239056027,18,59df1d0965ae364a8dc80887839a20be5f7a98764098a3afdeedc416721337d1
1D-CNN+DANN,42,S0,GEVT_023,gangue,gangue,0.0763649036,0.8562793666,0.0673557297,18,59df1d0965ae364a8dc80887839a20be5f7a98764098a3afdeedc416721337d1
1D-CNN+DANN,42,S0,GEVT_027,gangue,gangue,0.0535622391,0.9163878103,0.0300499506,18,59df1d0965ae364a8dc80887839a20be5f7a98764098a3afdeedc416721337d1
1D-CNN+DANN,42,S0,GEVT_033,gangue,coal,0.6086015297,0.3734151104,0.0179833599,18,59df1d0965ae364a8dc80887839a20be5f7a98764098a3afdeedc416721337d1
1D-CNN+DANN,42,S0,GEVT_040,gangue,gangue,0.0878206707,0.8489156653,0.0632636640,18,59df1d0965ae364a8dc80887839a20be5f7a98764098a3afdeedc416721337d1
1D-CNN+DANN,42,S0,GEVT_050,gangue,coal,0.5891308873,0.2858755019,0.1249936108,18,59df1d0965ae364a8dc80887839a20be5f7a98764098a3afdeedc416721337d1
1D-CNN+DANN,42,S0,GEVT_053,gangue,gangue,0.0886326849,0.7992785002,0.1120888149,18,59df1d0965ae364a8dc80887839a20be5f7a98764098a3afdeedc416721337d1
1D-CNN+DANN,42,S0,GEVT_055,gangue,gangue,0.0972320215,0.8236318365,0.0791361420,18,59df1d0965ae364a8dc80887839a20be5f7a98764098a3afdeedc416721337d1
1D-CNN+DANN,42,S0,EEVT_002,empty,empty,0.0338854208,0.0362012058,0.9299133734,18,59df1d0965ae364a8dc80887839a20be5f7a98764098a3afdeedc416721337d1
1D-CNN+DANN,42,S0,EEVT_005,empty,empty,0.0692368409,0.1109230894,0.8198400697,18,59df1d0965ae364a8dc80887839a20be5f7a98764098a3afdeedc416721337d1
1D-CNN+DANN,42,S0,EEVT_009,empty,empty,0.0238378883,0.0323924217,0.9437696900,18,59df1d0965ae364a8dc80887839a20be5f7a98764098a3afdeedc416721337d1
1D-CNN+DANN,42,S0,EEVT_017,empty,empty,0.1169648770,0.1169730673,0.7660620557,18,59df1d0965ae364a8dc80887839a20be5f7a98764098a3afdeedc416721337d1
1D-CNN+DANN,42,S0,EEVT_019,empty,empty,0.0867346287,0.1473595347,0.7659058366,18,59df1d0965ae364a8dc80887839a20be5f7a98764098a3afdeedc416721337d1
1D-CNN+DANN,42,S0,EEVT_029,empty,empty,0.1407513325,0.1355162596,0.7237324079,18,59df1d0965ae364a8dc80887839a20be5f7a98764098a3afdeedc416721337d1
1D-CNN+DANN,42,S0,EEVT_033,empty,gangue,0.1321788025,0.5266698675,0.3411513299,18,59df1d0965ae364a8dc80887839a20be5f7a98764098a3afdeedc416721337d1
1D-CNN+DANN,42,S0,EEVT_034,empty,empty,0.1515343946,0.1360595116,0.7124060937,18,59df1d0965ae364a8dc80887839a20be5f7a98764098a3afdeedc416721337d1
1D-CNN+DANN,42,S0,EEVT_036,empty,empty,0.0313260938,0.0511057409,0.9175681653,18,59df1d0965ae364a8dc80887839a20be5f7a98764098a3afdeedc416721337d1
1D-CNN+DANN,42,S1,CEVT_001,coal,coal,0.7027920504,0.1775583108,0.1196496387,18,59df1d0965ae364a8dc80887839a20be5f7a98764098a3afdeedc416721337d1
1D-CNN+DANN,42,S1,CEVT_003,coal,coal,0.8832397593,0.0676264146,0.0491338261,18,59df1d0965ae364a8dc80887839a20be5f7a98764098a3afdeedc416721337d1
1D-CNN+DANN,42,S1,CEVT_009,coal,gangue,0.3845731508,0.6144396827,0.0009871665,18,59df1d0965ae364a8dc80887839a20be5f7a98764098a3afdeedc416721337d1
1D-CNN+DANN,42,S1,CEVT_014,coal,coal,0.7223435472,0.1106571427,0.1669993101,18,59df1d0965ae364a8dc80887839a20be5f7a98764098a3afdeedc416721337d1
1D-CNN+DANN,42,S1,CEVT_019,coal,coal,0.7020445064,0.1771152924,0.1208402012,18,59df1d0965ae364a8dc80887839a20be5f7a98764098a3afdeedc416721337d1
1D-CNN+DANN,42,S1,CEVT_020,coal,coal,0.9589327635,0.0244537807,0.0166134558,18,59df1d0965ae364a8dc80887839a20be5f7a98764098a3afdeedc416721337d1
1D-CNN+DANN,42,S1,CEVT_024,coal,coal,0.8134266563,0.1202222333,0.0663511103,18,59df1d0965ae364a8dc80887839a20be5f7a98764098a3afdeedc416721337d1
1D-CNN+DANN,42,S1,CEVT_033,coal,gangue,0.4058246307,0.5931885229,0.0009868464,18,59df1d0965ae364a8dc80887839a20be5f7a98764098a3afdeedc416721337d1
1D-CNN+DANN,42,S1,CEVT_042,coal,coal,0.7948575907,0.0710022669,0.1341401424,18,59df1d0965ae364a8dc80887839a20be5f7a98764098a3afdeedc416721337d1
1D-CNN+DANN,42,S1,CEVT_044,coal,gangue,0.2930885757,0.6267990034,0.0801124209,18,59df1d0965ae364a8dc80887839a20be5f7a98764098a3afdeedc416721337d1
1D-CNN+DANN,42,S1,GEVT_004,gangue,gangue,0.0802076961,0.8695988516,0.0501934523,18,59df1d0965ae364a8dc80887839a20be5f7a98764098a3afdeedc416721337d1
1D-CNN+DANN,42,S1,GEVT_013,gangue,gangue,0.0800546076,0.8086983777,0.1112470147,18,59df1d0965ae364a8dc80887839a20be5f7a98764098a3afdeedc416721337d1
1D-CNN+DANN,42,S1,GEVT_014,gangue,gangue,0.1788663723,0.6905853719,0.1305482557,18,59df1d0965ae364a8dc80887839a20be5f7a98764098a3afdeedc416721337d1
1D-CNN+DANN,42,S1,GEVT_019,gangue,gangue,0.1128996444,0.8195450424,0.0675553132,18,59df1d0965ae364a8dc80887839a20be5f7a98764098a3afdeedc416721337d1
1D-CNN+DANN,42,S1,GEVT_023,gangue,gangue,0.1600169928,0.7395289504,0.1004540567,18,59df1d0965ae364a8dc80887839a20be5f7a98764098a3afdeedc416721337d1
1D-CNN+DANN,42,S1,GEVT_027,gangue,gangue,0.0891749812,0.8628136091,0.0480114098,18,59df1d0965ae364a8dc80887839a20be5f7a98764098a3afdeedc416721337d1
1D-CNN+DANN,42,S1,GEVT_033,gangue,coal,0.5592162888,0.3645442441,0.0762394671,18,59df1d0965ae364a8dc80887839a20be5f7a98764098a3afdeedc416721337d1
1D-CNN+DANN,42,S1,GEVT_040,gangue,gangue,0.0940631099,0.8290810815,0.0768558085,18,59df1d0965ae364a8dc80887839a20be5f7a98764098a3afdeedc416721337d1
1D-CNN+DANN,42,S1,GEVT_050,gangue,gangue,0.1419496622,0.7511423937,0.1069079441,18,59df1d0965ae364a8dc80887839a20be5f7a98764098a3afdeedc416721337d1
1D-CNN+DANN,42,S1,GEVT_053,gangue,coal,0.6230937294,0.2649439011,0.1119623695,18,59df1d0965ae364a8dc80887839a20be5f7a98764098a3afdeedc416721337d1
1D-CNN+DANN,42,S1,GEVT_055,gangue,coal,0.5074584970,0.2845174063,0.2080240967,18,59df1d0965ae364a8dc80887839a20be5f7a98764098a3afdeedc416721337d1
1D-CNN+DANN,42,S1,EEVT_002,empty,empty,0.0455122632,0.0705202363,0.8839675005,18,59df1d0965ae364a8dc80887839a20be5f7a98764098a3afdeedc416721337d1
1D-CNN+DANN,42,S1,EEVT_005,empty,empty,0.1025499191,0.0744686441,0.8229814368,18,59df1d0965ae364a8dc80887839a20be5f7a98764098a3afdeedc416721337d1
1D-CNN+DANN,42,S1,EEVT_009,empty,empty,0.1513849846,0.1196969840,0.7289180313,18,59df1d0965ae364a8dc80887839a20be5f7a98764098a3afdeedc416721337d1
1D-CNN+DANN,42,S1,EEVT_017,empty,coal,0.5338107513,0.1265931049,0.3395961438,18,59df1d0965ae364a8dc80887839a20be5f7a98764098a3afdeedc416721337d1
1D-CNN+DANN,42,S1,EEVT_019,empty,empty,0.0239833135,0.0250126508,0.9510040357,18,59df1d0965ae364a8dc80887839a20be5f7a98764098a3afdeedc416721337d1
1D-CNN+DANN,42,S1,EEVT_029,empty,empty,0.0337481033,0.0398055300,0.9264463667,18,59df1d0965ae364a8dc80887839a20be5f7a98764098a3afdeedc416721337d1
1D-CNN+DANN,42,S1,EEVT_033,empty,empty,0.1492605665,0.0788536589,0.7718857745,18,59df1d0965ae364a8dc80887839a20be5f7a98764098a3afdeedc416721337d1
1D-CNN+DANN,42,S1,EEVT_034,empty,empty,0.0466549057,0.0560652458,0.8972798485,18,59df1d0965ae364a8dc80887839a20be5f7a98764098a3afdeedc416721337d1
1D-CNN+DANN,42,S1,EEVT_036,empty,empty,0.1424256175,0.1020950628,0.7554793197,18,59df1d0965ae364a8dc80887839a20be5f7a98764098a3afdeedc416721337d1
1D-CNN+DANN,42,S2,CEVT_001,coal,gangue,0.3401646475,0.4947067284,0.1651286241,18,59df1d0965ae364a8dc80887839a20be5f7a98764098a3afdeedc416721337d1
1D-CNN+DANN,42,S2,CEVT_003,coal,coal,0.7277822274,0.1693553332,0.1028624394,18,59df1d0965ae364a8dc80887839a20be5f7a98764098a3afdeedc416721337d1
1D-CNN+DANN,42,S2,CEVT_009,coal,coal,0.7218647708,0.1567122297,0.1214229995,18,59df1d0965ae364a8dc80887839a20be5f7a98764098a3afdeedc416721337d1
1D-CNN+DANN,42,S2,CEVT_014,coal,coal,0.8746320062,0.0464510130,0.0789169809,18,59df1d0965ae364a8dc80887839a20be5f7a98764098a3afdeedc416721337d1
1D-CNN+DANN,42,S2,CEVT_019,coal,coal,0.8854603386,0.0746827642,0.0398568971,18,59df1d0965ae364a8dc80887839a20be5f7a98764098a3afdeedc416721337d1
1D-CNN+DANN,42,S2,CEVT_020,coal,gangue,0.2810276808,0.5106490090,0.2083233101,18,59df1d0965ae364a8dc80887839a20be5f7a98764098a3afdeedc416721337d1
1D-CNN+DANN,42,S2,CEVT_024,coal,coal,0.6997399197,0.1645009880,0.1357590923,18,59df1d0965ae364a8dc80887839a20be5f7a98764098a3afdeedc416721337d1
1D-CNN+DANN,42,S2,CEVT_033,coal,coal,0.8304390390,0.0672813368,0.1022796242,18,59df1d0965ae364a8dc80887839a20be5f7a98764098a3afdeedc416721337d1
1D-CNN+DANN,42,S2,CEVT_042,coal,coal,0.8788551158,0.0536384573,0.0675064269,18,59df1d0965ae364a8dc80887839a20be5f7a98764098a3afdeedc416721337d1
1D-CNN+DANN,42,S2,CEVT_044,coal,coal,0.7176450653,0.1045052581,0.1778496766,18,59df1d0965ae364a8dc80887839a20be5f7a98764098a3afdeedc416721337d1
1D-CNN+DANN,42,S2,GEVT_004,gangue,gangue,0.0646617546,0.9019980259,0.0333402195,18,59df1d0965ae364a8dc80887839a20be5f7a98764098a3afdeedc416721337d1
1D-CNN+DANN,42,S2,GEVT_013,gangue,gangue,0.0479828975,0.9165916512,0.0354254513,18,59df1d0965ae364a8dc80887839a20be5f7a98764098a3afdeedc416721337d1
1D-CNN+DANN,42,S2,GEVT_014,gangue,gangue,0.0715696078,0.8294432956,0.0989870966,18,59df1d0965ae364a8dc80887839a20be5f7a98764098a3afdeedc416721337d1
1D-CNN+DANN,42,S2,GEVT_019,gangue,gangue,0.0536288767,0.8966182040,0.0497529193,18,59df1d0965ae364a8dc80887839a20be5f7a98764098a3afdeedc416721337d1
1D-CNN+DANN,42,S2,GEVT_023,gangue,gangue,0.0186791650,0.9474327432,0.0338880918,18,59df1d0965ae364a8dc80887839a20be5f7a98764098a3afdeedc416721337d1
1D-CNN+DANN,42,S2,GEVT_027,gangue,gangue,0.0557930400,0.8924165868,0.0517903732,18,59df1d0965ae364a8dc80887839a20be5f7a98764098a3afdeedc416721337d1
1D-CNN+DANN,42,S2,GEVT_033,gangue,coal,0.5258665165,0.2725362747,0.2015972087,18,59df1d0965ae364a8dc80887839a20be5f7a98764098a3afdeedc416721337d1
1D-CNN+DANN,42,S2,GEVT_040,gangue,coal,0.6123056765,0.3626610322,0.0250332914,18,59df1d0965ae364a8dc80887839a20be5f7a98764098a3afdeedc416721337d1
1D-CNN+DANN,42,S2,GEVT_050,gangue,gangue,0.1244824083,0.7048159728,0.1707016188,18,59df1d0965ae364a8dc80887839a20be5f7a98764098a3afdeedc416721337d1
1D-CNN+DANN,42,S2,GEVT_053,gangue,empty,0.0919481709,0.3399980109,0.5680538182,18,59df1d0965ae364a8dc80887839a20be5f7a98764098a3afdeedc416721337d1
1D-CNN+DANN,42,S2,GEVT_055,gangue,gangue,0.0625481857,0.8283711371,0.1090806772,18,59df1d0965ae364a8dc80887839a20be5f7a98764098a3afdeedc416721337d1
1D-CNN+DANN,42,S2,EEVT_002,empty,empty,0.0167058708,0.0244429045,0.9588512248,18,59df1d0965ae364a8dc80887839a20be5f7a98764098a3afdeedc416721337d1
1D-CNN+DANN,42,S2,EEVT_005,empty,empty,0.0682071778,0.0792583485,0.8525344738,18,59df1d0965ae364a8dc80887839a20be5f7a98764098a3afdeedc416721337d1
1D-CNN+DANN,42,S2,EEVT_009,empty,coal,0.5090719695,0.0657073591,0.4252206714,18,59df1d0965ae364a8dc80887839a20be5f7a98764098a3afdeedc416721337d1
1D-CNN+DANN,42,S2,EEVT_017,empty,empty,0.1149251263,0.1538845183,0.7311903554,18,59df1d0965ae364a8dc80887839a20be5f7a98764098a3afdeedc416721337d1
1D-CNN+DANN,42,S2,EEVT_019,empty,empty,0.0254738722,0.0187784780,0.9557476498,18,59df1d0965ae364a8dc80887839a20be5f7a98764098a3afdeedc416721337d1
1D-CNN+DANN,42,S2,EEVT_029,empty,empty,0.1525358262,0.0812343520,0.7662298218,18,59df1d0965ae364a8dc80887839a20be5f7a98764098a3afdeedc416721337d1
1D-CNN+DANN,42,S2,EEVT_033,empty,empty,0.0517612366,0.0773698129,0.8708689505,18,59df1d0965ae364a8dc80887839a20be5f7a98764098a3afdeedc416721337d1
1D-CNN+DANN,42,S2,EEVT_034,empty,empty,0.0481946564,0.0424261122,0.9093792314,18,59df1d0965ae364a8dc80887839a20be5f7a98764098a3afdeedc416721337d1
1D-CNN+DANN,42,S2,EEVT_036,empty,coal,0.4816256614,0.1507031082,0.3676712304,18,59df1d0965ae364a8dc80887839a20be5f7a98764098a3afdeedc416721337d1
1D-CNN+DANN,42,S3,CEVT_001,coal,coal,0.8656773752,0.0878761038,0.0464465210,18,59df1d0965ae364a8dc80887839a20be5f7a98764098a3afdeedc416721337d1
1D-CNN+DANN,42,S3,CEVT_003,coal,gangue,0.2821094766,0.5004244106,0.2174661128,18,59df1d0965ae364a8dc80887839a20be5f7a98764098a3afdeedc416721337d1
1D-CNN+DANN,42,S3,CEVT_009,coal,coal,0.8331961646,0.0941037873,0.0727000481,18,59df1d0965ae364a8dc80887839a20be5f7a98764098a3afdeedc416721337d1
1D-CNN+DANN,42,S3,CEVT_014,coal,coal,0.8089085068,0.0942053215,0.0968861718,18,59df1d0965ae364a8dc80887839a20be5f7a98764098a3afdeedc416721337d1
1D-CNN+DANN,42,S3,CEVT_019,coal,coal,0.7456815903,0.1245957215,0.1297226882,18,59df1d0965ae364a8dc80887839a20be5f7a98764098a3afdeedc416721337d1
1D-CNN+DANN,42,S3,CEVT_020,coal,gangue,0.4108849362,0.5881296481,0.0009854157,18,59df1d0965ae364a8dc80887839a20be5f7a98764098a3afdeedc416721337d1
1D-CNN+DANN,42,S3,CEVT_024,coal,coal,0.8859035566,0.0534803165,0.0606161269,18,59df1d0965ae364a8dc80887839a20be5f7a98764098a3afdeedc416721337d1
1D-CNN+DANN,42,S3,CEVT_033,coal,gangue,0.2564977717,0.5772048988,0.1662973295,18,59df1d0965ae364a8dc80887839a20be5f7a98764098a3afdeedc416721337d1
1D-CNN+DANN,42,S3,CEVT_042,coal,coal,0.7853084335,0.0735909296,0.1411006369,18,59df1d0965ae364a8dc80887839a20be5f7a98764098a3afdeedc416721337d1
1D-CNN+DANN,42,S3,CEVT_044,coal,coal,0.7075670648,0.1737991220,0.1186338133,18,59df1d0965ae364a8dc80887839a20be5f7a98764098a3afdeedc416721337d1
1D-CNN+DANN,42,S3,GEVT_004,gangue,gangue,0.0258615460,0.9285476750,0.0455907790,18,59df1d0965ae364a8dc80887839a20be5f7a98764098a3afdeedc416721337d1
1D-CNN+DANN,42,S3,GEVT_013,gangue,empty,0.1977494396,0.3106966709,0.4915538895,18,59df1d0965ae364a8dc80887839a20be5f7a98764098a3afdeedc416721337d1
1D-CNN+DANN,42,S3,GEVT_014,gangue,empty,0.1080796798,0.3884742076,0.5034461126,18,59df1d0965ae364a8dc80887839a20be5f7a98764098a3afdeedc416721337d1
1D-CNN+DANN,42,S3,GEVT_019,gangue,coal,0.5288199135,0.3821722795,0.0890078070,18,59df1d0965ae364a8dc80887839a20be5f7a98764098a3afdeedc416721337d1
1D-CNN+DANN,42,S3,GEVT_023,gangue,gangue,0.1103630406,0.7957506706,0.0938862889,18,59df1d0965ae364a8dc80887839a20be5f7a98764098a3afdeedc416721337d1
1D-CNN+DANN,42,S3,GEVT_027,gangue,gangue,0.0225111565,0.9564681286,0.0210207149,18,59df1d0965ae364a8dc80887839a20be5f7a98764098a3afdeedc416721337d1
1D-CNN+DANN,42,S3,GEVT_033,gangue,gangue,0.0704551464,0.8313142603,0.0982305933,18,59df1d0965ae364a8dc80887839a20be5f7a98764098a3afdeedc416721337d1
1D-CNN+DANN,42,S3,GEVT_040,gangue,gangue,0.0919253274,0.7937046487,0.1143700239,18,59df1d0965ae364a8dc80887839a20be5f7a98764098a3afdeedc416721337d1
1D-CNN+DANN,42,S3,GEVT_050,gangue,gangue,0.0438179642,0.9153011128,0.0408809230,18,59df1d0965ae364a8dc80887839a20be5f7a98764098a3afdeedc416721337d1
1D-CNN+DANN,42,S3,GEVT_053,gangue,empty,0.0043616359,0.4183930154,0.5772453487,18,59df1d0965ae364a8dc80887839a20be5f7a98764098a3afdeedc416721337d1
1D-CNN+DANN,42,S3,GEVT_055,gangue,gangue,0.1292408220,0.7009458422,0.1698133358,18,59df1d0965ae364a8dc80887839a20be5f7a98764098a3afdeedc416721337d1
1D-CNN+DANN,42,S3,EEVT_002,empty,empty,0.0895093872,0.0695814269,0.8409091859,18,59df1d0965ae364a8dc80887839a20be5f7a98764098a3afdeedc416721337d1
1D-CNN+DANN,42,S3,EEVT_005,empty,gangue,0.1387806516,0.6126993010,0.2485200474,18,59df1d0965ae364a8dc80887839a20be5f7a98764098a3afdeedc416721337d1
1D-CNN+DANN,42,S3,EEVT_009,empty,empty,0.0942431998,0.0911006657,0.8146561344,18,59df1d0965ae364a8dc80887839a20be5f7a98764098a3afdeedc416721337d1
1D-CNN+DANN,42,S3,EEVT_017,empty,empty,0.0570525174,0.0926452431,0.8503022395,18,59df1d0965ae364a8dc80887839a20be5f7a98764098a3afdeedc416721337d1
1D-CNN+DANN,42,S3,EEVT_019,empty,empty,0.0749524660,0.0853787437,0.8396687903,18,59df1d0965ae364a8dc80887839a20be5f7a98764098a3afdeedc416721337d1
1D-CNN+DANN,42,S3,EEVT_029,empty,coal,0.5893413055,0.0054053985,0.4052532960,18,59df1d0965ae364a8dc80887839a20be5f7a98764098a3afdeedc416721337d1
1D-CNN+DANN,42,S3,EEVT_033,empty,empty,0.0671635369,0.0909789162,0.8418575470,18,59df1d0965ae364a8dc80887839a20be5f7a98764098a3afdeedc416721337d1
1D-CNN+DANN,42,S3,EEVT_034,empty,empty,0.0709584288,0.0593506068,0.8696909644,18,59df1d0965ae364a8dc80887839a20be5f7a98764098a3afdeedc416721337d1
1D-CNN+DANN,42,S3,EEVT_036,empty,empty,0.0549804199,0.0382711350,0.9067484450,18,59df1d0965ae364a8dc80887839a20be5f7a98764098a3afdeedc416721337d1
1D-CNN+DANN,42,S4,CEVT_001,coal,gangue,0.4111147868,0.5302923400,0.0585928732,18,59df1d0965ae364a8dc80887839a20be5f7a98764098a3afdeedc416721337d1
1D-CNN+DANN,42,S4,CEVT_003,coal,coal,0.9140012062,0.0547194828,0.0312793109,18,59df1d0965ae364a8dc80887839a20be5f7a98764098a3afdeedc416721337d1
1D-CNN+DANN,42,S4,CEVT_009,coal,coal,0.9538681521,0.0182446087,0.0278872392,18,59df1d0965ae364a8dc80887839a20be5f7a98764098a3afdeedc416721337d1
1D-CNN+DANN,42,S4,CEVT_014,coal,gangue,0.3520768457,0.5715357534,0.0763874008,18,59df1d0965ae364a8dc80887839a20be5f7a98764098a3afdeedc416721337d1
1D-CNN+DANN,42,S4,CEVT_019,coal,gangue,0.2765700271,0.4737551728,0.2496748001,18,59df1d0965ae364a8dc80887839a20be5f7a98764098a3afdeedc416721337d1
1D-CNN+DANN,42,S4,CEVT_020,coal,coal,0.8746637897,0.0439436105,0.0813925999,18,59df1d0965ae364a8dc80887839a20be5f7a98764098a3afdeedc416721337d1
1D-CNN+DANN,42,S4,CEVT_024,coal,coal,0.9581322599,0.0234243216,0.0184434184,18,59df1d0965ae364a8dc80887839a20be5f7a98764098a3afdeedc416721337d1
1D-CNN+DANN,42,S4,CEVT_033,coal,coal,0.8840368169,0.0720639580,0.0438992251,18,59df1d0965ae364a8dc80887839a20be5f7a98764098a3afdeedc416721337d1
1D-CNN+DANN,42,S4,CEVT_042,coal,coal,0.8002786642,0.1039131099,0.0958082258,18,59df1d0965ae364a8dc80887839a20be5f7a98764098a3afdeedc416721337d1
1D-CNN+DANN,42,S4,CEVT_044,coal,coal,0.8087617466,0.0993240946,0.0919141587,18,59df1d0965ae364a8dc80887839a20be5f7a98764098a3afdeedc416721337d1
1D-CNN+DANN,42,S4,GEVT_004,gangue,gangue,0.1075733643,0.7881978505,0.1042287852,18,59df1d0965ae364a8dc80887839a20be5f7a98764098a3afdeedc416721337d1
1D-CNN+DANN,42,S4,GEVT_013,gangue,gangue,0.0690786319,0.8708084226,0.0601129455,18,59df1d0965ae364a8dc80887839a20be5f7a98764098a3afdeedc416721337d1
1D-CNN+DANN,42,S4,GEVT_014,gangue,gangue,0.0459482562,0.9100641420,0.0439876019,18,59df1d0965ae364a8dc80887839a20be5f7a98764098a3afdeedc416721337d1
1D-CNN+DANN,42,S4,GEVT_019,gangue,gangue,0.0192622362,0.9498495676,0.0308881961,18,59df1d0965ae364a8dc80887839a20be5f7a98764098a3afdeedc416721337d1
1D-CNN+DANN,42,S4,GEVT_023,gangue,gangue,0.0911632047,0.7932363506,0.1156004446,18,59df1d0965ae364a8dc80887839a20be5f7a98764098a3afdeedc416721337d1
1D-CNN+DANN,42,S4,GEVT_027,gangue,gangue,0.0957743631,0.8499170046,0.0543086323,18,59df1d0965ae364a8dc80887839a20be5f7a98764098a3afdeedc416721337d1
1D-CNN+DANN,42,S4,GEVT_033,gangue,coal,0.5324965183,0.3580860265,0.1094174553,18,59df1d0965ae364a8dc80887839a20be5f7a98764098a3afdeedc416721337d1
1D-CNN+DANN,42,S4,GEVT_040,gangue,coal,0.5599312272,0.2640549305,0.1760138424,18,59df1d0965ae364a8dc80887839a20be5f7a98764098a3afdeedc416721337d1
1D-CNN+DANN,42,S4,GEVT_050,gangue,gangue,0.1197146979,0.8056590796,0.0746262225,18,59df1d0965ae364a8dc80887839a20be5f7a98764098a3afdeedc416721337d1
1D-CNN+DANN,42,S4,GEVT_053,gangue,gangue,0.0346781105,0.9176055087,0.0477163808,18,59df1d0965ae364a8dc80887839a20be5f7a98764098a3afdeedc416721337d1
1D-CNN+DANN,42,S4,GEVT_055,gangue,gangue,0.1590838307,0.7486675847,0.0922485847,18,59df1d0965ae364a8dc80887839a20be5f7a98764098a3afdeedc416721337d1
1D-CNN+DANN,42,S4,EEVT_002,empty,coal,0.5303622539,0.1762416159,0.2933961302,18,59df1d0965ae364a8dc80887839a20be5f7a98764098a3afdeedc416721337d1
1D-CNN+DANN,42,S4,EEVT_005,empty,empty,0.1188243442,0.1025199490,0.7786557068,18,59df1d0965ae364a8dc80887839a20be5f7a98764098a3afdeedc416721337d1
1D-CNN+DANN,42,S4,EEVT_009,empty,coal,0.4763195593,0.1187484667,0.4049319741,18,59df1d0965ae364a8dc80887839a20be5f7a98764098a3afdeedc416721337d1
1D-CNN+DANN,42,S4,EEVT_017,empty,empty,0.1209485371,0.0918981524,0.7871533104,18,59df1d0965ae364a8dc80887839a20be5f7a98764098a3afdeedc416721337d1
1D-CNN+DANN,42,S4,EEVT_019,empty,coal,0.5355956862,0.1494156430,0.3149886708,18,59df1d0965ae364a8dc80887839a20be5f7a98764098a3afdeedc416721337d1
1D-CNN+DANN,42,S4,EEVT_029,empty,empty,0.0321511128,0.0327861453,0.9350627419,18,59df1d0965ae364a8dc80887839a20be5f7a98764098a3afdeedc416721337d1
1D-CNN+DANN,42,S4,EEVT_033,empty,empty,0.0835323851,0.0780778507,0.8383897642,18,59df1d0965ae364a8dc80887839a20be5f7a98764098a3afdeedc416721337d1
1D-CNN+DANN,42,S4,EEVT_034,empty,empty,0.1417391877,0.0816576601,0.7766031522,18,59df1d0965ae364a8dc80887839a20be5f7a98764098a3afdeedc416721337d1
1D-CNN+DANN,42,S4,EEVT_036,empty,coal,0.4956202471,0.1183711481,0.3860086047,18,59df1d0965ae364a8dc80887839a20be5f7a98764098a3afdeedc416721337d1
1D-CNN+DANN,42,S5,CEVT_001,coal,empty,0.2604161955,0.1464542344,0.5931295700,18,59df1d0965ae364a8dc80887839a20be5f7a98764098a3afdeedc416721337d1
1D-CNN+DANN,42,S5,CEVT_003,coal,coal,0.8022511583,0.0773845248,0.1203643169,18,59df1d0965ae364a8dc80887839a20be5f7a98764098a3afdeedc416721337d1
1D-CNN+DANN,42,S5,CEVT_009,coal,gangue,0.2477418245,0.6191095159,0.1331486596,18,59df1d0965ae364a8dc80887839a20be5f7a98764098a3afdeedc416721337d1
1D-CNN+DANN,42,S5,CEVT_014,coal,coal,0.8144232779,0.0632838332,0.1222928889,18,59df1d0965ae364a8dc80887839a20be5f7a98764098a3afdeedc416721337d1
1D-CNN+DANN,42,S5,CEVT_019,coal,coal,0.7555885884,0.1408170012,0.1035944104,18,59df1d0965ae364a8dc80887839a20be5f7a98764098a3afdeedc416721337d1
1D-CNN+DANN,42,S5,CEVT_020,coal,coal,0.7140167767,0.1041124163,0.1818708070,18,59df1d0965ae364a8dc80887839a20be5f7a98764098a3afdeedc416721337d1
1D-CNN+DANN,42,S5,CEVT_024,coal,gangue,0.3565462486,0.5290748231,0.1143789283,18,59df1d0965ae364a8dc80887839a20be5f7a98764098a3afdeedc416721337d1
1D-CNN+DANN,42,S5,CEVT_033,coal,coal,0.8117821006,0.1231413583,0.0650765411,18,59df1d0965ae364a8dc80887839a20be5f7a98764098a3afdeedc416721337d1
1D-CNN+DANN,42,S5,CEVT_042,coal,coal,0.8684137681,0.0669310856,0.0646551463,18,59df1d0965ae364a8dc80887839a20be5f7a98764098a3afdeedc416721337d1
1D-CNN+DANN,42,S5,CEVT_044,coal,coal,0.6987047354,0.1713364507,0.1299588140,18,59df1d0965ae364a8dc80887839a20be5f7a98764098a3afdeedc416721337d1
1D-CNN+DANN,42,S5,GEVT_004,gangue,gangue,0.0554921375,0.8812366956,0.0632711669,18,59df1d0965ae364a8dc80887839a20be5f7a98764098a3afdeedc416721337d1
1D-CNN+DANN,42,S5,GEVT_013,gangue,coal,0.4995228289,0.3968090084,0.1036681627,18,59df1d0965ae364a8dc80887839a20be5f7a98764098a3afdeedc416721337d1
1D-CNN+DANN,42,S5,GEVT_014,gangue,gangue,0.0411195905,0.9329154211,0.0259649884,18,59df1d0965ae364a8dc80887839a20be5f7a98764098a3afdeedc416721337d1
1D-CNN+DANN,42,S5,GEVT_019,gangue,gangue,0.0635797626,0.8838363661,0.0525838713,18,59df1d0965ae364a8dc80887839a20be5f7a98764098a3afdeedc416721337d1
1D-CNN+DANN,42,S5,GEVT_023,gangue,gangue,0.0342081363,0.9248455128,0.0409463509,18,59df1d0965ae364a8dc80887839a20be5f7a98764098a3afdeedc416721337d1
1D-CNN+DANN,42,S5,GEVT_027,gangue,coal,0.5739650114,0.2841016807,0.1419333079,18,59df1d0965ae364a8dc80887839a20be5f7a98764098a3afdeedc416721337d1
1D-CNN+DANN,42,S5,GEVT_033,gangue,gangue,0.0971449413,0.8493963938,0.0534586648,18,59df1d0965ae364a8dc80887839a20be5f7a98764098a3afdeedc416721337d1
1D-CNN+DANN,42,S5,GEVT_040,gangue,gangue,0.1032767564,0.7029536052,0.1937696384,18,59df1d0965ae364a8dc80887839a20be5f7a98764098a3afdeedc416721337d1
1D-CNN+DANN,42,S5,GEVT_050,gangue,coal,0.6230965776,0.3759232293,0.0009801931,18,59df1d0965ae364a8dc80887839a20be5f7a98764098a3afdeedc416721337d1
1D-CNN+DANN,42,S5,GEVT_053,gangue,gangue,0.1221960487,0.7571026802,0.1207012711,18,59df1d0965ae364a8dc80887839a20be5f7a98764098a3afdeedc416721337d1
1D-CNN+DANN,42,S5,GEVT_055,gangue,empty,0.1694983206,0.2776192722,0.5528824071,18,59df1d0965ae364a8dc80887839a20be5f7a98764098a3afdeedc416721337d1
1D-CNN+DANN,42,S5,EEVT_002,empty,empty,0.0403377584,0.0726656227,0.8869966189,18,59df1d0965ae364a8dc80887839a20be5f7a98764098a3afdeedc416721337d1
1D-CNN+DANN,42,S5,EEVT_005,empty,empty,0.1139596067,0.0796058648,0.8064345286,18,59df1d0965ae364a8dc80887839a20be5f7a98764098a3afdeedc416721337d1
1D-CNN+DANN,42,S5,EEVT_009,empty,empty,0.0212006534,0.0207277980,0.9580715486,18,59df1d0965ae364a8dc80887839a20be5f7a98764098a3afdeedc416721337d1
1D-CNN+DANN,42,S5,EEVT_017,empty,empty,0.0852066310,0.1164092948,0.7983840742,18,59df1d0965ae364a8dc80887839a20be5f7a98764098a3afdeedc416721337d1
1D-CNN+DANN,42,S5,EEVT_019,empty,empty,0.0292183894,0.0192709225,0.9515106881,18,59df1d0965ae364a8dc80887839a20be5f7a98764098a3afdeedc416721337d1
1D-CNN+DANN,42,S5,EEVT_029,empty,gangue,0.0538037722,0.5223128588,0.4238833691,18,59df1d0965ae364a8dc80887839a20be5f7a98764098a3afdeedc416721337d1
1D-CNN+DANN,42,S5,EEVT_033,empty,empty,0.1578910487,0.0814831976,0.7606257538,18,59df1d0965ae364a8dc80887839a20be5f7a98764098a3afdeedc416721337d1
1D-CNN+DANN,42,S5,EEVT_034,empty,empty,0.0694356940,0.0919063678,0.8386579382,18,59df1d0965ae364a8dc80887839a20be5f7a98764098a3afdeedc416721337d1
1D-CNN+DANN,42,S5,EEVT_036,empty,coal,0.6227003734,0.0545865156,0.3227131110,18,59df1d0965ae364a8dc80887839a20be5f7a98764098a3afdeedc416721337d1
1D-CNN+DANN,42,S6,CEVT_001,coal,coal,0.7499275560,0.0998319235,0.1502405204,18,59df1d0965ae364a8dc80887839a20be5f7a98764098a3afdeedc416721337d1
1D-CNN+DANN,42,S6,CEVT_003,coal,coal,0.8428642210,0.0844350460,0.0727007331,18,59df1d0965ae364a8dc80887839a20be5f7a98764098a3afdeedc416721337d1
1D-CNN+DANN,42,S6,CEVT_009,coal,coal,0.9341532755,0.0265940539,0.0392526706,18,59df1d0965ae364a8dc80887839a20be5f7a98764098a3afdeedc416721337d1
1D-CNN+DANN,42,S6,CEVT_014,coal,coal,0.7063003946,0.1073573394,0.1863422660,18,59df1d0965ae364a8dc80887839a20be5f7a98764098a3afdeedc416721337d1
1D-CNN+DANN,42,S6,CEVT_019,coal,gangue,0.2757529478,0.5356135840,0.1886334682,18,59df1d0965ae364a8dc80887839a20be5f7a98764098a3afdeedc416721337d1
1D-CNN+DANN,42,S6,CEVT_020,coal,gangue,0.3853953065,0.4754468980,0.1391577955,18,59df1d0965ae364a8dc80887839a20be5f7a98764098a3afdeedc416721337d1
1D-CNN+DANN,42,S6,CEVT_024,coal,coal,0.8871980290,0.0717569293,0.0410450417,18,59df1d0965ae364a8dc80887839a20be5f7a98764098a3afdeedc416721337d1
1D-CNN+DANN,42,S6,CEVT_033,coal,coal,0.9398830279,0.0333269624,0.0267900098,18,59df1d0965ae364a8dc80887839a20be5f7a98764098a3afdeedc416721337d1
1D-CNN+DANN,42,S6,CEVT_042,coal,coal,0.8487886825,0.0754061658,0.0758051517,18,59df1d0965ae364a8dc80887839a20be5f7a98764098a3afdeedc416721337d1
1D-CNN+DANN,42,S6,CEVT_044,coal,coal,0.6922658618,0.1682470526,0.1394870856,18,59df1d0965ae364a8dc80887839a20be5f7a98764098a3afdeedc416721337d1
1D-CNN+DANN,42,S6,GEVT_004,gangue,coal,0.5159016948,0.2679644548,0.2161338504,18,59df1d0965ae364a8dc80887839a20be5f7a98764098a3afdeedc416721337d1
1D-CNN+DANN,42,S6,GEVT_013,gangue,coal,0.5649073375,0.3854002307,0.0496924318,18,59df1d0965ae364a8dc80887839a20be5f7a98764098a3afdeedc416721337d1
1D-CNN+DANN,42,S6,GEVT_014,gangue,gangue,0.0947886300,0.7635850153,0.1416263547,18,59df1d0965ae364a8dc80887839a20be5f7a98764098a3afdeedc416721337d1
1D-CNN+DANN,42,S6,GEVT_019,gangue,gangue,0.0307627015,0.9357576120,0.0334796865,18,59df1d0965ae364a8dc80887839a20be5f7a98764098a3afdeedc416721337d1
1D-CNN+DANN,42,S6,GEVT_023,gangue,gangue,0.0751320078,0.8647825618,0.0600854304,18,59df1d0965ae364a8dc80887839a20be5f7a98764098a3afdeedc416721337d1
1D-CNN+DANN,42,S6,GEVT_027,gangue,empty,0.2357282178,0.2445336492,0.5197381330,18,59df1d0965ae364a8dc80887839a20be5f7a98764098a3afdeedc416721337d1
1D-CNN+DANN,42,S6,GEVT_033,gangue,gangue,0.0279633319,0.9519840615,0.0200526065,18,59df1d0965ae364a8dc80887839a20be5f7a98764098a3afdeedc416721337d1
1D-CNN+DANN,42,S6,GEVT_040,gangue,gangue,0.0993161514,0.7456588041,0.1550250444,18,59df1d0965ae364a8dc80887839a20be5f7a98764098a3afdeedc416721337d1
1D-CNN+DANN,42,S6,GEVT_050,gangue,gangue,0.1364741592,0.7185228013,0.1450030395,18,59df1d0965ae364a8dc80887839a20be5f7a98764098a3afdeedc416721337d1
1D-CNN+DANN,42,S6,GEVT_053,gangue,gangue,0.1696896530,0.6911251339,0.1391852131,18,59df1d0965ae364a8dc80887839a20be5f7a98764098a3afdeedc416721337d1
1D-CNN+DANN,42,S6,GEVT_055,gangue,empty,0.1408664064,0.2419896766,0.6171439170,18,59df1d0965ae364a8dc80887839a20be5f7a98764098a3afdeedc416721337d1
1D-CNN+DANN,42,S6,EEVT_002,empty,coal,0.6252615219,0.1094468266,0.2652916514,18,59df1d0965ae364a8dc80887839a20be5f7a98764098a3afdeedc416721337d1
1D-CNN+DANN,42,S6,EEVT_005,empty,empty,0.1054967930,0.1565850580,0.7379181490,18,59df1d0965ae364a8dc80887839a20be5f7a98764098a3afdeedc416721337d1
1D-CNN+DANN,42,S6,EEVT_009,empty,empty,0.1555987137,0.0976320962,0.7467691901,18,59df1d0965ae364a8dc80887839a20be5f7a98764098a3afdeedc416721337d1
1D-CNN+DANN,42,S6,EEVT_017,empty,empty,0.1044725480,0.1811666148,0.7143608372,18,59df1d0965ae364a8dc80887839a20be5f7a98764098a3afdeedc416721337d1
1D-CNN+DANN,42,S6,EEVT_019,empty,coal,0.5810615269,0.1671109231,0.2518275499,18,59df1d0965ae364a8dc80887839a20be5f7a98764098a3afdeedc416721337d1
1D-CNN+DANN,42,S6,EEVT_029,empty,empty,0.0506940617,0.0876671421,0.8616387961,18,59df1d0965ae364a8dc80887839a20be5f7a98764098a3afdeedc416721337d1
1D-CNN+DANN,42,S6,EEVT_033,empty,empty,0.0466264593,0.0611541378,0.8922194029,18,59df1d0965ae364a8dc80887839a20be5f7a98764098a3afdeedc416721337d1
1D-CNN+DANN,42,S6,EEVT_034,empty,coal,0.5729919735,0.0273431643,0.3996648622,18,59df1d0965ae364a8dc80887839a20be5f7a98764098a3afdeedc416721337d1
1D-CNN+DANN,42,S6,EEVT_036,empty,coal,0.6282081882,0.1003189342,0.2714728776,18,59df1d0965ae364a8dc80887839a20be5f7a98764098a3afdeedc416721337d1
1D-CNN+DANN,43,S0,CEVT_006,coal,coal,0.9412327353,0.0234935921,0.0352736725,18,33ae0d43b916cca42e642a7defc4f91be638906cbe8dfe313c0cbca328e8f3ba
1D-CNN+DANN,43,S0,CEVT_018,coal,coal,0.8378507106,0.0889840972,0.0731651922,18,33ae0d43b916cca42e642a7defc4f91be638906cbe8dfe313c0cbca328e8f3ba
1D-CNN+DANN,43,S0,CEVT_021,coal,gangue,0.3877850777,0.6112222949,0.0009926274,18,33ae0d43b916cca42e642a7defc4f91be638906cbe8dfe313c0cbca328e8f3ba
1D-CNN+DANN,43,S0,CEVT_025,coal,coal,0.9318810388,0.0256902162,0.0424287450,18,33ae0d43b916cca42e642a7defc4f91be638906cbe8dfe313c0cbca328e8f3ba
1D-CNN+DANN,43,S0,CEVT_027,coal,coal,0.7702779613,0.0859019609,0.1438200779,18,33ae0d43b916cca42e642a7defc4f91be638906cbe8dfe313c0cbca328e8f3ba
1D-CNN+DANN,43,S0,CEVT_028,coal,coal,0.8833840430,0.0674273481,0.0491886089,18,33ae0d43b916cca42e642a7defc4f91be638906cbe8dfe313c0cbca328e8f3ba
1D-CNN+DANN,43,S0,CEVT_042,coal,gangue,0.3348704489,0.6145177150,0.0506118360,18,33ae0d43b916cca42e642a7defc4f91be638906cbe8dfe313c0cbca328e8f3ba
1D-CNN+DANN,43,S0,CEVT_044,coal,coal,0.7666626691,0.1222438435,0.1110934873,18,33ae0d43b916cca42e642a7defc4f91be638906cbe8dfe313c0cbca328e8f3ba
1D-CNN+DANN,43,S0,CEVT_046,coal,empty,0.4233582158,0.0821280378,0.4945137464,18,33ae0d43b916cca42e642a7defc4f91be638906cbe8dfe313c0cbca328e8f3ba
1D-CNN+DANN,43,S0,CEVT_047,coal,coal,0.8575896153,0.0824870300,0.0599233548,18,33ae0d43b916cca42e642a7defc4f91be638906cbe8dfe313c0cbca328e8f3ba
1D-CNN+DANN,43,S0,GEVT_006,gangue,coal,0.5275553501,0.3472769885,0.1251676614,18,33ae0d43b916cca42e642a7defc4f91be638906cbe8dfe313c0cbca328e8f3ba
1D-CNN+DANN,43,S0,GEVT_007,gangue,empty,0.0009791324,0.4009123891,0.5981084785,18,33ae0d43b916cca42e642a7defc4f91be638906cbe8dfe313c0cbca328e8f3ba
1D-CNN+DANN,43,S0,GEVT_008,gangue,gangue,0.0592457105,0.9041101288,0.0366441606,18,33ae0d43b916cca42e642a7defc4f91be638906cbe8dfe313c0cbca328e8f3ba
1D-CNN+DANN,43,S0,GEVT_028,gangue,gangue,0.0775962482,0.8507203288,0.0716834231,18,33ae0d43b916cca42e642a7defc4f91be638906cbe8dfe313c0cbca328e8f3ba
1D-CNN+DANN,43,S0,GEVT_037,gangue,coal,0.6122314245,0.3630524756,0.0247161000,18,33ae0d43b916cca42e642a7defc4f91be638906cbe8dfe313c0cbca328e8f3ba
1D-CNN+DANN,43,S0,GEVT_039,gangue,empty,0.1547843875,0.2773727285,0.5678428841,18,33ae0d43b916cca42e642a7defc4f91be638906cbe8dfe313c0cbca328e8f3ba
1D-CNN+DANN,43,S0,GEVT_042,gangue,gangue,0.0225519202,0.9431322188,0.0343158610,18,33ae0d43b916cca42e642a7defc4f91be638906cbe8dfe313c0cbca328e8f3ba
1D-CNN+DANN,43,S0,GEVT_048,gangue,gangue,0.0748765166,0.8306484668,0.0944750166,18,33ae0d43b916cca42e642a7defc4f91be638906cbe8dfe313c0cbca328e8f3ba
1D-CNN+DANN,43,S0,GEVT_053,gangue,gangue,0.1084759072,0.8098519692,0.0816721236,18,33ae0d43b916cca42e642a7defc4f91be638906cbe8dfe313c0cbca328e8f3ba
1D-CNN+DANN,43,S0,GEVT_054,gangue,gangue,0.0533629017,0.8670424372,0.0795946611,18,33ae0d43b916cca42e642a7defc4f91be638906cbe8dfe313c0cbca328e8f3ba
1D-CNN+DANN,43,S0,GEVT_057,gangue,gangue,0.0452818572,0.8940223497,0.0606957931,18,33ae0d43b916cca42e642a7defc4f91be638906cbe8dfe313c0cbca328e8f3ba
1D-CNN+DANN,43,S0,EEVT_009,empty,empty,0.0297530326,0.0343787084,0.9358682590,18,33ae0d43b916cca42e642a7defc4f91be638906cbe8dfe313c0cbca328e8f3ba
1D-CNN+DANN,43,S0,EEVT_015,empty,empty,0.0347169957,0.0653518474,0.8999311570,18,33ae0d43b916cca42e642a7defc4f91be638906cbe8dfe313c0cbca328e8f3ba
1D-CNN+DANN,43,S0,EEVT_017,empty,empty,0.1042971401,0.1906570549,0.7050458050,18,33ae0d43b916cca42e642a7defc4f91be638906cbe8dfe313c0cbca328e8f3ba
1D-CNN+DANN,43,S0,EEVT_020,empty,empty,0.1364687434,0.1435276636,0.7200035929,18,33ae0d43b916cca42e642a7defc4f91be638906cbe8dfe313c0cbca328e8f3ba
1D-CNN+DANN,43,S0,EEVT_029,empty,empty,0.0555968992,0.0925024918,0.8519006091,18,33ae0d43b916cca42e642a7defc4f91be638906cbe8dfe313c0cbca328e8f3ba
1D-CNN+DANN,43,S0,EEVT_038,empty,empty,0.1223175164,0.0986443529,0.7790381306,18,33ae0d43b916cca42e642a7defc4f91be638906cbe8dfe313c0cbca328e8f3ba
1D-CNN+DANN,43,S0,EEVT_039,empty,empty,0.0429796151,0.0831091478,0.8739112371,18,33ae0d43b916cca42e642a7defc4f91be638906cbe8dfe313c0cbca328e8f3ba
1D-CNN+DANN,43,S0,EEVT_041,empty,empty,0.0344205481,0.0582416345,0.9073378174,18,33ae0d43b916cca42e642a7defc4f91be638906cbe8dfe313c0cbca328e8f3ba
1D-CNN+DANN,43,S0,EEVT_042,empty,empty,0.0717220288,0.1278542953,0.8004236759,18,33ae0d43b916cca42e642a7defc4f91be638906cbe8dfe313c0cbca328e8f3ba
1D-CNN+DANN,43,S1,CEVT_006,coal,coal,0.9533842766,0.0235302884,0.0230854350,18,33ae0d43b916cca42e642a7defc4f91be638906cbe8dfe313c0cbca328e8f3ba
1D-CNN+DANN,43,S1,CEVT_018,coal,coal,0.7541594098,0.1605115580,0.0853290322,18,33ae0d43b916cca42e642a7defc4f91be638906cbe8dfe313c0cbca328e8f3ba
1D-CNN+DANN,43,S1,CEVT_021,coal,coal,0.7951647022,0.0858790346,0.1189562632,18,33ae0d43b916cca42e642a7defc4f91be638906cbe8dfe313c0cbca328e8f3ba
1D-CNN+DANN,43,S1,CEVT_025,coal,coal,0.7043961857,0.1035981013,0.1920057130,18,33ae0d43b916cca42e642a7defc4f91be638906cbe8dfe313c0cbca328e8f3ba
1D-CNN+DANN,43,S1,CEVT_027,coal,coal,0.8310324933,0.0753147176,0.0936527890,18,33ae0d43b916cca42e642a7defc4f91be638906cbe8dfe313c0cbca328e8f3ba
1D-CNN+DANN,43,S1,CEVT_028,coal,coal,0.8784892090,0.0780676838,0.0434431072,18,33ae0d43b916cca42e642a7defc4f91be638906cbe8dfe313c0cbca328e8f3ba
1D-CNN+DANN,43,S1,CEVT_042,coal,coal,0.6905978712,0.1558363339,0.1535657949,18,33ae0d43b916cca42e642a7defc4f91be638906cbe8dfe313c0cbca328e8f3ba
1D-CNN+DANN,43,S1,CEVT_044,coal,coal,0.8028172092,0.1037712002,0.0934115906,18,33ae0d43b916cca42e642a7defc4f91be638906cbe8dfe313c0cbca328e8f3ba
1D-CNN+DANN,43,S1,CEVT_046,coal,coal,0.8863402198,0.0398504416,0.0738093387,18,33ae0d43b916cca42e642a7defc4f91be638906cbe8dfe313c0cbca328e8f3ba
1D-CNN+DANN,43,S1,CEVT_047,coal,coal,0.8783140414,0.0479794127,0.0737065459,18,33ae0d43b916cca42e642a7defc4f91be638906cbe8dfe313c0cbca328e8f3ba
1D-CNN+DANN,43,S1,GEVT_006,gangue,gangue,0.1406327131,0.7533829533,0.1059843336,18,33ae0d43b916cca42e642a7defc4f91be638906cbe8dfe313c0cbca328e8f3ba
1D-CNN+DANN,43,S1,GEVT_007,gangue,coal,0.5360327416,0.2761417232,0.1878255352,18,33ae0d43b916cca42e642a7defc4f91be638906cbe8dfe313c0cbca328e8f3ba
1D-CNN+DANN,43,S1,GEVT_008,gangue,coal,0.6059251594,0.2611693749,0.1329054657,18,33ae0d43b916cca42e642a7defc4f91be638906cbe8dfe313c0cbca328e8f3ba
1D-CNN+DANN,43,S1,GEVT_028,gangue,gangue,0.0225534040,0.9591728393,0.0182737567,18,33ae0d43b916cca42e642a7defc4f91be638906cbe8dfe313c0cbca328e8f3ba
1D-CNN+DANN,43,S1,GEVT_037,gangue,gangue,0.1644430350,0.7054962138,0.1300607512,18,33ae0d43b916cca42e642a7defc4f91be638906cbe8dfe313c0cbca328e8f3ba
1D-CNN+DANN,43,S1,GEVT_039,gangue,gangue,0.1482229245,0.7031181355,0.1486589400,18,33ae0d43b916cca42e642a7defc4f91be638906cbe8dfe313c0cbca328e8f3ba
1D-CNN+DANN,43,S1,GEVT_042,gangue,coal,0.5571318810,0.2880722078,0.1547959112,18,33ae0d43b916cca42e642a7defc4f91be638906cbe8dfe313c0cbca328e8f3ba
1D-CNN+DANN,43,S1,GEVT_048,gangue,coal,0.6383986062,0.3496807777,0.0119206161,18,33ae0d43b916cca42e642a7defc4f91be638906cbe8dfe313c0cbca328e8f3ba
1D-CNN+DANN,43,S1,GEVT_053,gangue,gangue,0.0772816538,0.8382866158,0.0844317304,18,33ae0d43b916cca42e642a7defc4f91be638906cbe8dfe313c0cbca328e8f3ba
1D-CNN+DANN,43,S1,GEVT_054,gangue,gangue,0.1674958150,0.7207551767,0.1117490084,18,33ae0d43b916cca42e642a7defc4f91be638906cbe8dfe313c0cbca328e8f3ba
1D-CNN+DANN,43,S1,GEVT_057,gangue,coal,0.5591154104,0.3113226818,0.1295619078,18,33ae0d43b916cca42e642a7defc4f91be638906cbe8dfe313c0cbca328e8f3ba
1D-CNN+DANN,43,S1,EEVT_009,empty,empty,0.0309238072,0.0539646407,0.9151115522,18,33ae0d43b916cca42e642a7defc4f91be638906cbe8dfe313c0cbca328e8f3ba
1D-CNN+DANN,43,S1,EEVT_015,empty,empty,0.0845046242,0.0689360789,0.8465592969,18,33ae0d43b916cca42e642a7defc4f91be638906cbe8dfe313c0cbca328e8f3ba
1D-CNN+DANN,43,S1,EEVT_017,empty,empty,0.0317062277,0.0271876365,0.9411061357,18,33ae0d43b916cca42e642a7defc4f91be638906cbe8dfe313c0cbca328e8f3ba
1D-CNN+DANN,43,S1,EEVT_020,empty,empty,0.0895753594,0.0694685896,0.8409560510,18,33ae0d43b916cca42e642a7defc4f91be638906cbe8dfe313c0cbca328e8f3ba
1D-CNN+DANN,43,S1,EEVT_029,empty,gangue,0.0415474063,0.6319107224,0.3265418713,18,33ae0d43b916cca42e642a7defc4f91be638906cbe8dfe313c0cbca328e8f3ba
1D-CNN+DANN,43,S1,EEVT_038,empty,empty,0.0817303628,0.0588395100,0.8594301273,18,33ae0d43b916cca42e642a7defc4f91be638906cbe8dfe313c0cbca328e8f3ba
1D-CNN+DANN,43,S1,EEVT_039,empty,empty,0.1277773000,0.1429212753,0.7293014247,18,33ae0d43b916cca42e642a7defc4f91be638906cbe8dfe313c0cbca328e8f3ba
1D-CNN+DANN,43,S1,EEVT_041,empty,empty,0.1384710888,0.0764934764,0.7850354348,18,33ae0d43b916cca42e642a7defc4f91be638906cbe8dfe313c0cbca328e8f3ba
1D-CNN+DANN,43,S1,EEVT_042,empty,empty,0.1694236232,0.1255594009,0.7050169759,18,33ae0d43b916cca42e642a7defc4f91be638906cbe8dfe313c0cbca328e8f3ba
1D-CNN+DANN,43,S2,CEVT_006,coal,coal,0.9089858294,0.0500019796,0.0410121910,18,33ae0d43b916cca42e642a7defc4f91be638906cbe8dfe313c0cbca328e8f3ba
1D-CNN+DANN,43,S2,CEVT_018,coal,gangue,0.2456748179,0.5743363511,0.1799888310,18,33ae0d43b916cca42e642a7defc4f91be638906cbe8dfe313c0cbca328e8f3ba
1D-CNN+DANN,43,S2,CEVT_021,coal,coal,0.8262613112,0.0737917556,0.0999469331,18,33ae0d43b916cca42e642a7defc4f91be638906cbe8dfe313c0cbca328e8f3ba
